# Sublineages of M. tuberculosis lineage 1, from Netikul T et al. Whole-genome single nucleotide variant phylogenetic
# analysis of Mycobacterium tuberculosis Lineage 1 in endemic regions of Asia and Africa. Sci Rep 12:1565 (2022).
# https://doi.org/10.1038/s41598-022-05524-0. Supplementary Table S6: the 1,835 sublineage-specific SNPs (barcode:
# the 125 SNPs proposed as barcode). Creative Commons Attribution 4.0 license. Positions and alleles on the H37Rv
# reference genome NC_000962.3 (plus strand; the alleles of the paper are on the gene strand, complemented here for
# the genes on the minus strand). group: the sublineage defined by the derived (non-H37Rv) allele.
group	position	ancestral	derived	gene	barcode
L1.1	117295	G	A	Rv0101	no
L1.1	423334	G	A	Rv0352	no
L1.1	1839306	A	G	Rv1634	no
L1.1	1943723	C	T	Rv1716	no
L1.1	2083610	G	C	Rv1836c	no
L1.1	2705561	A	G	Rv2407-Rv2408	no
L1.1	2989683	C	T	Rv2673	yes
L1.1	3393361	C	G	Rv3032A-Rv3033	no
L1.1	3967223	G	A	Rv3530c	no
L1.1	4024967	C	G	Rv3582c	no
L1.1	4286156	T	C	Rv3821	no
L1.1	4323302	T	C	Rv3848-Rv3849	no
L1.1	4404247	G	A	Rv3915	yes
L1.1.1	55069	G	C	Rv0050	no
L1.1.1	192924	C	A	Rv0162c	no
L1.1.1	226929	C	T	Rv0194	no
L1.1.1	278189	T	C	Rv0232	no
L1.1.1	289300	C	T	Rv0239	no
L1.1.1	313425	G	T	Rv0261c	no
L1.1.1	485631	C	T	Rv0404	no
L1.1.1	529363	C	T	Rv0440	yes
L1.1.1	869893	G	A	Rv0776c-Rv0777	no
L1.1.1	870112	C	T	Rv0777	yes
L1.1.1	972653	G	A	Rv0874c	no
L1.1.1	1016131	C	A	Rv0911	no
L1.1.1	1023884	C	T	Rv0917-Rv0918	no
L1.1.1	1039981	T	C	Rv0932c	no
L1.1.1	1131565	C	T	Rv1012-Rv1013	no
L1.1.1	1261056	C	T	Rv1133c	yes
L1.1.1	1412686	G	A	Rv1264	no
L1.1.1	1499293	C	T	Rv1330c	no
L1.1.1	1550719	C	T	Rv1377c	no
L1.1.1	1924765	T	C	Rv1699	no
L1.1.1	2063106	C	T	Rv1819c	no
L1.1.1	2078024	G	A	Rv1832	yes
L1.1.1	2118897	C	T	Rv1868	no
L1.1.1	2379732	A	G	Rv2120c-Rv2121c	no
L1.1.1	2677910	G	A	Rv2385	no
L1.1.1	2772960	G	A	Rv2469c	no
L1.1.1	2907840	T	G	Rv2583c	no
L1.1.1	3021283	G	A	Rv2707	no
L1.1.1	3030382	G	A	Rv2717c-Rv2718c	no
L1.1.1	3220545	C	T	Rv2913c	no
L1.1.1	3221093	C	T	Rv2913c	no
L1.1.1	3260430	C	T	Rv2933	no
L1.1.1	3330725	C	T	Rv2974c	no
L1.1.1	3451002	A	G	Rv3085	no
L1.1.1	3629776	A	G	Rv3249c	no
L1.1.1	3657710	C	G	Rv3274c	no
L1.1.1	3683282	C	T	Rv3299c	no
L1.1.1	3774077	T	A	Rv3362c	no
L1.1.1	3883444	T	G	Rv3465-Rv3466	no
L1.1.1	4182492	G	A	Rv3731	no
L1.1.1	4218940	G	T	Rv3774	no
L1.1.1	4314216	G	A	Rv3841	no
L1.1.1.1	10986	G	A	Rvnt01-Rvnt02	no
L1.1.1.1	15787	C	G	Rv0014c	no
L1.1.1.1	15900	G	A	Rv0014c	no
L1.1.1.1	71203	C	T	Rv0064	no
L1.1.1.1	171129	G	A	Rv0144-Rv0145	no
L1.1.1.1	471469	C	T	Rv0392c	no
L1.1.1.1	472471	G	A	Rv0392c	no
L1.1.1.1	634586	C	T	Rv0542c	no
L1.1.1.1	728897	C	T	Rv0632c	no
L1.1.1.1	851797	C	A	Rv0757	no
L1.1.1.1	992206	C	T	Rv0890c	no
L1.1.1.1	1111469	C	T	Rv0994	no
L1.1.1.1	1182192	G	A	Rv1058	no
L1.1.1.1	1369927	C	T	Rv1226c	no
L1.1.1.1	1517912	C	T	Rv1350	no
L1.1.1.1	1526100	A	G	Rv1357c	no
L1.1.1.1	1635527	G	A	Rv1451	no
L1.1.1.1	1694277	A	G	Rv1503c	no
L1.1.1.1	1750465	T	C	Rv1547	yes
L1.1.1.1	1894765	G	A	Rv1667c	no
L1.1.1.1	1980325	G	A	Rv1751	no
L1.1.1.1	2311357	G	A	Rv2052c	no
L1.1.1.1	2412584	G	A	Rv2153c	yes
L1.1.1.1	2464860	C	A	Rv2200c-Rv2201	no
L1.1.1.1	2470934	C	A	Rv2206	no
L1.1.1.1	2533237	G	A	Rv2259	no
L1.1.1.1	2663319	C	A	Rv2380c	no
L1.1.1.1	2694026	C	T	Rv2397c	no
L1.1.1.1	2773181	C	T	Rv2470	no
L1.1.1.1	2791079	C	T	Rv2484c	no
L1.1.1.1	2880431	G	C	Rv2560	no
L1.1.1.1	2954859	C	T	Rv2627c-Rv2628	no
L1.1.1.1	2957546	T	G	Rv2630-Rv2631	no
L1.1.1.1	2994964	C	T	Rv2678c	yes
L1.1.1.1	3022811	G	A	Rv2710	no
L1.1.1.1	3216553	G	A	Rv2907c	no
L1.1.1.1	3243197	G	A	Rv2929	no
L1.1.1.1	3364142	G	A	Rv3005c	no
L1.1.1.1	3435307	A	C	Rv3071	no
L1.1.1.1	3462178	G	A	Rv3093c	no
L1.1.1.1	3479373	C	A	Rv3111	no
L1.1.1.1	3574258	G	A	Rv3201c	no
L1.1.1.1	3606394	T	C	Rv3229c	no
L1.1.1.1	3715840	G	A	Rv3330	no
L1.1.1.1	3793428	G	T	Rv3379c	no
L1.1.1.1	3961373	T	G	Rv3524	no
L1.1.1.1	4102929	G	A	Rv3663c	no
L1.1.1.2	36437	C	A	Rv0032	no
L1.1.1.2	81580	G	T	Rv0072	no
L1.1.1.2	89623	C	T	Rv0081	no
L1.1.1.2	170522	G	A	Rv0144	no
L1.1.1.2	251252	C	T	Rv0210	no
L1.1.1.2	316421	C	T	Rv0264c-Rv0265c	no
L1.1.1.2	353257	G	T	Rv0290	no
L1.1.1.2	477294	A	G	Rv0398c	no
L1.1.1.2	555356	C	T	Rv0465c	no
L1.1.1.2	664065	G	A	Rv0571c	no
L1.1.1.2	665488	C	T	Rv0572c-Rv0573c	no
L1.1.1.2	787982	G	A	Rv0688	no
L1.1.1.2	879200	G	A	Rv0784	no
L1.1.1.2	1067954	G	A	Rv0956	no
L1.1.1.2	1176160	A	G	Rv1052-Rvnt17	no
L1.1.1.2	1248190	C	A	Rv1125	no
L1.1.1.2	1329881	G	A	Rv1187	no
L1.1.1.2	1499527	C	T	Rv1330c	no
L1.1.1.2	1772800	G	A	Rv1565c	no
L1.1.1.2	1968649	C	T	Rv1742	no
L1.1.1.2	2174833	G	A	Rv1922	no
L1.1.1.2	2245835	C	A	Rv2000	no
L1.1.1.2	2258928	C	T	Rv2011c	no
L1.1.1.2	2415951	G	A	Rv2155c	yes
L1.1.1.2	2508536	C	T	Rv2236c	no
L1.1.1.2	2559671	G	A	Rv2286c-Rv2287	no
L1.1.1.2	2569082	A	G	Rv2298	no
L1.1.1.2	2573786	C	G	Rv2301-Rv2302	no
L1.1.1.2	2574508	G	A	Rv2303c	no
L1.1.1.2	2641762	G	A	Rv2359	no
L1.1.1.2	2852411	A	G	Rv2528c	no
L1.1.1.2	2880503	G	C	Rv2560	no
L1.1.1.2	2958438	G	A	Rv2631	no
L1.1.1.2	2964426	C	A	Rv2638	no
L1.1.1.2	3137668	G	A	Rv2831	no
L1.1.1.2	3155191	G	C	Rv2847c	no
L1.1.1.2	3186749	G	A	Rv2874	no
L1.1.1.2	3292624	C	T	Rv2946c	no
L1.1.1.2	3317291	G	A	Rv2964	no
L1.1.1.2	3350233	G	T	Rv2992c	yes
L1.1.1.2	3520857	G	A	Rv3153	no
L1.1.1.2	3600252	T	C	Rv3224	no
L1.1.1.2	3616799	G	T	Rv3239c	no
L1.1.1.2	3618228	G	C	Rv3240c	no
L1.1.1.2	3873196	A	G	Rv3451	no
L1.1.1.2	3888330	A	G	Rv3470c	no
L1.1.1.2	4056704	G	A	Rv3616c-Rv3617	no
L1.1.1.2	4158357	A	C	Rv3713	no
L1.1.1.2	4261933	C	T	Rv3801c	yes
L1.1.1.2	4270535	G	A	Rv3808c	no
L1.1.1.2	4305918	G	A	Rv3831	no
L1.1.1.2	4391257	C	T	Rv3906c	no
L1.1.1.2	4404934	G	A	Rv3916c	no
L1.1.1.3	82949	C	T	Rv0074	no
L1.1.1.3	863428	C	T	Rv0770	no
L1.1.1.3	870862	C	T	Rv0777	yes
L1.1.1.3	1479479	G	A	Rv1318c	no
L1.1.1.3	2741659	C	T	Rv2443	no
L1.1.1.3	3459402	C	T	Rv3091	no
L1.1.1.4	17212	A	G	Rv0014c	no
L1.1.1.4	83440	A	G	Rv0074	no
L1.1.1.4	162878	A	G	Rv0135c	no
L1.1.1.4	214328	A	C	Rv0183	no
L1.1.1.4	298748	G	A	Rv0247c	no
L1.1.1.4	712731	G	A	Rv0620	no
L1.1.1.4	752827	C	T	Rv0655-Rv0656c	no
L1.1.1.4	800349	C	G	Rv0699-Rv0700	no
L1.1.1.4	808719	A	G	Rv0711-Rv0712	no
L1.1.1.4	938227	G	A	Rv0842	no
L1.1.1.4	943618	T	C	Rv0846c	no
L1.1.1.4	1047222	G	A	Rv0938	no
L1.1.1.4	1087620	C	G	Rv0975c	no
L1.1.1.4	1102875	C	G	Rv0987	no
L1.1.1.4	1292996	T	A	Rv1163	no
L1.1.1.4	1306107	T	G	Rv1174c-Rv1175c	no
L1.1.1.4	1398737	G	A	Rv1251c	no
L1.1.1.4	1462580	C	T	Rv1307	yes
L1.1.1.4	1563405	G	A	Rv1387-Rv1388	no
L1.1.1.4	1606119	A	G	Rv1429	no
L1.1.1.4	1691700	T	A	Rv1500	no
L1.1.1.4	1693465	G	A	Rv1502	no
L1.1.1.4	1706976	G	C	Rv1515c	no
L1.1.1.4	1716084	C	T	Rv1522c	no
L1.1.1.4	1723786	C	G	Rv1527c	no
L1.1.1.4	1755505	G	A	Rv1551	no
L1.1.1.4	1939261	T	G	Rv1711	no
L1.1.1.4	2212964	T	C	Rv1969	no
L1.1.1.4	2246953	A	G	Rv2001	no
L1.1.1.4	2266697	T	C	Rv2019-Rv2021c	no
L1.1.1.4	2283637	C	T	Rv2037c	no
L1.1.1.4	2438963	G	T	Rv2176	no
L1.1.1.4	2480896	G	T	Rv2214c	no
L1.1.1.4	2490464	G	A	Rv2221c	no
L1.1.1.4	2904393	G	A	Rv2579	no
L1.1.1.4	2913426	C	G	Rv2586c	no
L1.1.1.4	3011356	G	A	Rv2693c	no
L1.1.1.4	3033323	G	A	Rv2721c	no
L1.1.1.4	3231407	G	T	Rv2920c	no
L1.1.1.4	3447616	A	C	Rv3082c	no
L1.1.1.4	3635124	C	T	Rv3255c	no
L1.1.1.4	3680254	C	G	Rv3296	no
L1.1.1.4	3708264	C	T	Rv3321c	no
L1.1.1.4	3860080	C	T	Rv3441c	no
L1.1.1.4	3900559	C	G	Rv3481c	no
L1.1.1.4	4013801	C	A	Rv3572	no
L1.1.1.4	4018397	G	C	Rv3576	no
L1.1.1.4	4064728	A	G	Rv3625c	no
L1.1.1.4	4104700	C	A	Rv3665c	no
L1.1.1.4	4142816	C	T	Rv3700c	no
L1.1.1.4	4171089	C	G	Rv3725	no
L1.1.1.4	4294225	G	A	Rv3825c	no
L1.1.1.4	4322925	G	A	Rv3848	no
L1.1.1.4	4362052	G	A	Rv3882c	no
L1.1.1.4	4371684	C	T	Rv3888c	no
L1.1.1.5	33282	T	G	Rv0030	no
L1.1.1.5	36619	A	G	Rv0033	no
L1.1.1.5	48767	G	T	Rv0044c	no
L1.1.1.5	58044	C	T	Rv0052-Rv0053	no
L1.1.1.5	63300	C	T	Rv0059	no
L1.1.1.5	72254	G	A	Rv0065-Rv0066c	no
L1.1.1.5	202317	C	A	Rv0171	no
L1.1.1.5	306999	G	A	Rv0255c	no
L1.1.1.5	417326	C	A	Rv0347	no
L1.1.1.5	437524	G	T	Rv0359	no
L1.1.1.5	465803	C	T	Rv0386	no
L1.1.1.5	468154	C	T	Rv0387c-Rv0389	no
L1.1.1.5	551714	T	C	Rv0459-Rv0460	no
L1.1.1.5	603537	A	C	Rv0511	no
L1.1.1.5	621202	C	A	Rv0530	no
L1.1.1.5	645148	C	T	Rv0553	no
L1.1.1.5	671543	A	G	Rv0577	no
L1.1.1.5	899530	A	G	Rv0805	no
L1.1.1.5	937524	G	A	Rv0840c-Rv0841	no
L1.1.1.5	947931	C	T	Rv0851c	no
L1.1.1.5	1125473	G	A	Rv1007c	no
L1.1.1.5	1153820	A	C	Rv1030	no
L1.1.1.5	1165924	C	G	Rv1043c	no
L1.1.1.5	1166275	T	G	Rv1043c	no
L1.1.1.5	1169242	G	T	Rv1045-Rv1047	no
L1.1.1.5	1179888	G	A	Rv1057	no
L1.1.1.5	1182150	T	C	Rv1058	no
L1.1.1.5	1528119	A	G	Rv1358	no
L1.1.1.5	1711183	C	A	Rv1520	no
L1.1.1.5	1724470	T	C	Rv1527c	no
L1.1.1.5	1756677	C	G	Rv1551	no
L1.1.1.5	1841490	C	T	Rv1635c	no
L1.1.1.5	1850937	C	G	Rv1640c	no
L1.1.1.5	1912043	C	T	Rv1686c	no
L1.1.1.5	2089534	G	T	Rv1840c-Rv1841c	no
L1.1.1.5	2103022	G	C	Rv1854c	no
L1.1.1.5	2117576	G	C	Rv1868	no
L1.1.1.5	2445401	G	A	Rv2182c-Rv2183c	no
L1.1.1.5	2498348	G	A	Rv2225	no
L1.1.1.5	2518123	G	A	Rv2245	yes
L1.1.1.5	2894745	C	T	Rv2570	no
L1.1.1.5	3079014	A	C	Rv2769c-Rv2770c	no
L1.1.1.5	3135042	C	T	Rv2827c	no
L1.1.1.5	3307855	G	A	Rv2955c	no
L1.1.1.5	3327756	T	C	Rv2973c	no
L1.1.1.5	3358521	G	A	Rv2999	no
L1.1.1.5	3366367	C	T	Rv3007c	no
L1.1.1.5	3617517	C	T	Rv3239c	no
L1.1.1.5	3703622	G	A	Rv3315c	no
L1.1.1.5	3791296	T	A	Rv3377c	no
L1.1.1.5	3831376	G	A	Rv3411c	yes
L1.1.1.5	4043573	G	A	Rv3600c	no
L1.1.1.5	4124106	T	G	Rv3682	no
L1.1.1.5	4180338	T	G	Rv3729	no
L1.1.1.5	4356054	G	T	Rv3877	no
L1.1.1.5	4367005	C	A	Rv3885c	no
L1.1.1.5	4386095	G	A	Rv3900c	no
L1.1.1.5	4391541	G	T	Rv3906c	no
L1.1.1.5	4406560	C	T	Rv3918c	yes
L1.1.1.6	787113	A	G	Rv0687	yes
L1.1.1.6	1494226	A	G	Rv1327c	no
L1.1.1.6	1679537	C	G	Rv1490	yes
L1.1.1.6	2207914	T	G	Rv1964	no
L1.1.1.6	2379013	C	T	Rv2119	no
L1.1.1.6	2503368	C	T	Rv2229c	yes
L1.1.1.6	4250012	T	G	Rv3796	no
L1.1.1.6	4373286	G	A	Rv3889c	yes
L1.1.1.7	107299	G	A	Rv0097	no
L1.1.1.7	145591	C	T	Rv0119	no
L1.1.1.7	345070	G	C	Rv0283	no
L1.1.1.7	479591	C	A	Rv0400c	no
L1.1.1.7	484187	C	T	Rv0404	no
L1.1.1.7	566189	G	A	Rv0475	no
L1.1.1.7	1031270	C	T	Rv0924c	no
L1.1.1.7	1501683	G	A	Rv1333	no
L1.1.1.7	1630227	A	G	Rv1449c-Rv1450c	no
L1.1.1.7	1812860	C	T	Rv1613	no
L1.1.1.7	2229876	T	G	Rv1985c	yes
L1.1.1.7	2269446	G	A	Rv2024c	no
L1.1.1.7	2411421	C	T	Rv2152c	yes
L1.1.1.7	2740311	G	T	Rv2442c	no
L1.1.1.7	2757995	C	A	Rv2456c	no
L1.1.1.7	2905042	G	A	Rv2580c	no
L1.1.1.7	3081078	C	T	Rv2771c-Rv2772c	no
L1.1.1.7	3083289	C	A	Rv2775	no
L1.1.1.7	3266379	A	G	Rv2934	no
L1.1.1.7	3278762	C	T	Rv2940c	no
L1.1.1.7	3418035	C	G	Rv3057c	no
L1.1.1.7	3473652	G	C	Rv3105c	no
L1.1.1.7	3517426	C	T	Rv3151	no
L1.1.1.7	3573435	G	A	Rv3200c	no
L1.1.1.7	3618935	C	T	Rv3240c	no
L1.1.1.7	3682887	C	T	Rv3298c	no
L1.1.1.7	3956631	T	C	Rv3520c	no
L1.1.1.7	3959102	A	T	Rv3522	no
L1.1.1.7	3977968	G	T	Rv3538-Rv3539	no
L1.1.1.7	4187997	C	T	Rv3737	no
L1.1.1.7	4348966	G	A	Rv3871	no
L1.1.1.7	4388818	G	T	Rv3903c	no
L1.1.1.7	4391087	C	T	Rv3905c-Rv3906c	no
L1.1.1.7	4408564	G	A	Rv3920c	no
L1.1.1.8	194530	G	A	Rv0165c	no
L1.1.1.8	234242	C	T	Rv0197	no
L1.1.1.8	301976	C	T	Rv0250c	no
L1.1.1.8	581990	C	T	Rv0492c	yes
L1.1.1.8	741711	C	T	Rv0647c	no
L1.1.1.8	754629	G	A	Rv0658c-Rv0659c	no
L1.1.1.8	778116	T	C	Rv0676c	no
L1.1.1.8	903198	T	G	Rv0808	no
L1.1.1.8	919646	A	G	Rv0826	no
L1.1.1.8	932973	A	G	Rv0836c-Rv0837c	no
L1.1.1.8	987421	C	A	Rv0888	yes
L1.1.1.8	1128561	C	T	Rv1009	yes
L1.1.1.8	1142431	G	A	Rv1020	yes
L1.1.1.8	1194516	A	G	Rv1070c	yes
L1.1.1.8	1283723	C	G	Rv1157c	no
L1.1.1.8	1394689	G	T	Rv1250	no
L1.1.1.8	1553833	G	A	Rv1380	no
L1.1.1.8	1625487	T	C	Rv1447c	yes
L1.1.1.8	1827297	C	G	Rv1625c	no
L1.1.1.8	2195479	G	C	Rv1944c	no
L1.1.1.8	2612191	A	T	Rv2337c	no
L1.1.1.8	2752251	G	A	Rv2450c-Rv2451	no
L1.1.1.8	2756947	C	A	Rv2456c	yes
L1.1.1.8	2810437	G	A	Rv2496c	yes
L1.1.1.8	2821425	C	T	Rv2505c	no
L1.1.1.8	2830273	C	A	Rv2513	no
L1.1.1.8	2886851	C	A	Rv2566	no
L1.1.1.8	3452287	G	A	Rv3086	yes
L1.1.1.8	3556957	G	A	Rv3190A	no
L1.1.1.8	3644225	G	A	Rv3263	no
L1.1.1.8	3937928	C	T	Rv3509c	no
L1.1.1.8	4158716	G	A	Rv3713	no
L1.1.1.8	4193441	G	C	Rv3743c	no
L1.1.1.8	4313684	C	G	Rv3840	yes
L1.1.1.8	4316419	G	A	Rv3843c	yes
L1.1.1.9	152602	C	T	Rv0126	no
L1.1.1.9	165741	C	T	Rv0138	no
L1.1.1.9	166188	C	T	Rv0139	no
L1.1.1.9	436382	C	A	Rv0357c	no
L1.1.1.9	903183	A	G	Rv0808	no
L1.1.1.9	1156144	G	T	Rv1031	no
L1.1.1.9	1207038	G	A	Rv1082	no
L1.1.1.9	1239362	C	A	Rv1112-Rv1113	no
L1.1.1.9	1694077	C	T	Rv1503c	no
L1.1.1.9	1967696	A	G	Rv1739c-Rv1740	no
L1.1.1.9	2116651	G	A	Rv1867	no
L1.1.1.9	2574591	A	C	Rv2303c	no
L1.1.1.9	2597869	C	T	Rv2326c	no
L1.1.1.9	2730008	G	T	Rv2434c	no
L1.1.1.9	2772689	C	A	Rv2469c	no
L1.1.1.9	2774932	G	A	Rv2471	no
L1.1.1.9	3041822	C	G	Rv2729c	no
L1.1.1.9	3068518	G	C	Rv2756c	no
L1.1.1.9	3091467	G	C	Rv2783c	yes
L1.1.1.9	3214560	A	G	Rv2904c-Rv2905	no
L1.1.1.9	3260844	C	T	Rv2933	no
L1.1.1.9	3297797	T	G	Rv2947c	no
L1.1.1.9	3477663	G	A	Rv3109	no
L1.1.1.9	3578983	A	C	Rv3202c	no
L1.1.1.9	3982711	C	T	Rv3543c	no
L1.1.1.9	4216522	G	C	Rv3771c	no
L1.1.1.10	57122	T	G	Rv0051	no
L1.1.1.10	159905	G	A	Rv0132c	no
L1.1.1.10	212561	C	T	Rv0181c	no
L1.1.1.10	224966	A	C	Rv0193c	no
L1.1.1.10	330008	C	T	Rv0273c	no
L1.1.1.10	386085	C	T	Rv0317c-Rvnt04	no
L1.1.1.10	388338	C	A	Rv0320	no
L1.1.1.10	439583	G	T	Rv0361	no
L1.1.1.10	518947	C	T	Rv0430	no
L1.1.1.10	568856	G	A	Rv0479c	no
L1.1.1.10	628645	G	T	Rv0537c	no
L1.1.1.10	664308	C	A	Rv0571c	no
L1.1.1.10	681556	G	C	Rv0584	no
L1.1.1.10	713869	G	A	Rv0620-Rv0621	no
L1.1.1.10	781061	C	G	Rv0681	no
L1.1.1.10	816705	C	G	Rv0724	no
L1.1.1.10	828418	G	T	Rv0736	no
L1.1.1.10	867177	G	A	Rv0773c	no
L1.1.1.10	940156	G	C	Rv0843	no
L1.1.1.10	940516	G	T	Rv0844c	no
L1.1.1.10	989236	G	A	Rv0889c	no
L1.1.1.10	1005795	G	T	Rv0902c	no
L1.1.1.10	1010748	T	C	Rv0907	no
L1.1.1.10	1015465	A	G	Rv0911	no
L1.1.1.10	1049395	G	A	Rv0939	no
L1.1.1.10	1100429	T	C	Rv0983	no
L1.1.1.10	1103257	G	C	Rv0987	no
L1.1.1.10	1107185	G	A	Rv0989c	no
L1.1.1.10	1116976	C	T	Rv1000c	no
L1.1.1.10	1122555	C	T	Rv1005c	yes
L1.1.1.10	1128293	T	A	Rv1009	no
L1.1.1.10	1136306	C	G	Rv1017c	no
L1.1.1.10	1171905	G	A	Rv1048c	no
L1.1.1.10	1180619	T	G	Rv1057-Rv1058	no
L1.1.1.10	1188378	T	C	Rv1066	no
L1.1.1.10	1231278	C	T	Rv1103c	no
L1.1.1.10	1246067	G	A	Rv1122	yes
L1.1.1.10	1293923	T	C	Rv1164	no
L1.1.1.10	1327937	C	A	Rv1186c	no
L1.1.1.10	1481594	A	C	Rv1319c	no
L1.1.1.10	1503874	C	T	Rv1336	no
L1.1.1.10	1644717	A	G	Rv1459c	no
L1.1.1.10	1713253	C	T	Rv1521	no
L1.1.1.10	1726692	G	A	Rv1527c	no
L1.1.1.10	1748390	G	A	Rv1547	no
L1.1.1.10	1818305	G	C	Rv1618	no
L1.1.1.10	1829264	C	T	Rv1627c	no
L1.1.1.10	1876361	C	A	Rv1661	no
L1.1.1.10	1882116	C	G	Rv1662	no
L1.1.1.10	1886752	C	T	Rv1663	no
L1.1.1.10	1958425	G	T	Rv1731	no
L1.1.1.10	1959410	C	T	Rv1732c	no
L1.1.1.10	1984793	G	A	Rv1753c-Rv1754c	no
L1.1.1.10	1992769	A	C	Rv1759c-Rv1760	no
L1.1.1.10	2005022	C	T	Rv1770	no
L1.1.1.10	2127828	C	T	Rv1877	no
L1.1.1.10	2193369	C	T	Rv1940	no
L1.1.1.10	2209124	G	A	Rv1965	no
L1.1.1.10	2252480	C	G	Rv2006	no
L1.1.1.10	2269748	G	T	Rv2024c	no
L1.1.1.10	2328242	G	A	Rv2071c	no
L1.1.1.10	2342164	G	A	Rv2084	no
L1.1.1.10	2348452	G	A	Rv2090	no
L1.1.1.10	2394216	C	A	Rv2133c	no
L1.1.1.10	2493852	C	T	Rv2223c	no
L1.1.1.10	2655201	C	T	Rv2374c-Rv2375	no
L1.1.1.10	2687657	C	A	Rv2393	no
L1.1.1.10	2723478	T	C	Rv2426c	no
L1.1.1.10	2734525	C	T	Rv2437	no
L1.1.1.10	2926517	C	A	Rv2597	no
L1.1.1.10	2929347	G	A	Rv2601	no
L1.1.1.10	2999402	G	A	Rv2682c	yes
L1.1.1.10	3015973	G	A	Rv2701c	no
L1.1.1.10	3035243	T	C	Rv2723	no
L1.1.1.10	3144446	T	C	Rv2837c	no
L1.1.1.10	3213447	C	A	Rv2903c	yes
L1.1.1.10	3318191	G	T	Rv2964-Rv2965c	no
L1.1.1.10	3330331	G	C	Rv2974c	no
L1.1.1.10	3333434	C	T	Rv2977c	no
L1.1.1.10	3338186	T	C	Rv2982c	no
L1.1.1.10	3407852	C	T	Rv3046c-Rv3047c	no
L1.1.1.10	3422035	C	T	Rv3060c	no
L1.1.1.10	3437511	G	A	Rv3074	no
L1.1.1.10	3437870	C	T	Rv3074	no
L1.1.1.10	3445032	G	A	Rv3080c	no
L1.1.1.10	3516988	C	T	Rv3151	no
L1.1.1.10	3556205	A	G	Rv3190c	no
L1.1.1.10	3653519	G	A	Rv3272	no
L1.1.1.10	3670798	C	T	Rv3290c	no
L1.1.1.10	3774083	C	A	Rv3362c	no
L1.1.1.10	3805488	G	A	Rv3390	no
L1.1.1.10	3833270	G	A	Rv3414c	no
L1.1.1.10	4195045	A	C	Rv3743c	no
L1.1.1.10	4209401	G	T	Rv3763	no
L1.1.1.10	4217387	C	T	Rv3772	no
L1.1.1.10	4273242	C	T	Rv3809c	yes
L1.1.1.10	4283381	C	A	Rv3818	no
L1.1.1.10	4299721	G	A	Rv3825c-Rv3826	no
L1.1.1.10	4354778	G	T	Rv3876	no
L1.1.1.10	4358224	G	A	Rv3879c	no
L1.1.1.10	4361279	T	C	Rv3881c	no
L1.1.1.10	4393529	T	A	Rv3908	no
L1.1.1.11	11713	C	T	Rvnt02-Rv0008c	no
L1.1.1.11	39908	C	T	Rv0037c	no
L1.1.1.11	45738	G	A	Rv0041	no
L1.1.1.11	53774	G	A	Rv0050	no
L1.1.1.11	89776	C	T	Rv0081	no
L1.1.1.11	93813	C	T	Rv0085	no
L1.1.1.11	133666	A	T	Rv0110	no
L1.1.1.11	135529	C	G	Rv0111	no
L1.1.1.11	138574	T	C	Rv0115	no
L1.1.1.11	172414	C	T	Rv0146	no
L1.1.1.11	261369	C	A	Rv0218	no
L1.1.1.11	272529	C	G	Rv0227c	no
L1.1.1.11	275793	G	A	Rv0230c	no
L1.1.1.11	291157	G	A	Rv0242c	no
L1.1.1.11	318507	G	A	Rv0266c	no
L1.1.1.11	380476	T	G	Rv0311-Rv0312	no
L1.1.1.11	394059	T	C	Rv0327c-Rv0328	no
L1.1.1.11	403200	T	C	Rv0338c	no
L1.1.1.11	565026	G	A	Rv0474	no
L1.1.1.11	565418	G	A	Rv0474	no
L1.1.1.11	601395	C	T	Rv0509	no
L1.1.1.11	626657	G	A	Rv0535	no
L1.1.1.11	749361	G	C	Rv0653c	no
L1.1.1.11	806717	T	C	Rv0711	no
L1.1.1.11	808152	C	A	Rv0711	no
L1.1.1.11	899367	G	A	Rv0805	no
L1.1.1.11	899419	G	A	Rv0805	no
L1.1.1.11	930666	G	A	Rv0834c-Rv0835	no
L1.1.1.11	932790	G	A	Rv0836c	no
L1.1.1.11	936476	A	C	Rv0840c	no
L1.1.1.11	968415	G	T	Rv0871-Rv0872c	no
L1.1.1.11	986968	T	C	Rv0887c-Rv0888	no
L1.1.1.11	995375	G	A	Rv0893c	no
L1.1.1.11	1129798	A	G	Rv1010	no
L1.1.1.11	1167274	C	T	Rv1044	yes
L1.1.1.11	1183434	C	T	Rv1059	no
L1.1.1.11	1256267	G	A	Rv1131	no
L1.1.1.11	1275708	G	C	Rv1147-Rv1148c	no
L1.1.1.11	1309655	G	A	Rv1178	no
L1.1.1.11	1337900	A	G	Rv1194c	no
L1.1.1.11	1356954	C	A	Rv1213	no
L1.1.1.11	1368438	A	G	Rv1225c	no
L1.1.1.11	1553188	C	T	Rv1379	no
L1.1.1.11	1567809	G	A	Rv1392	no
L1.1.1.11	1578111	C	T	Rv1402	no
L1.1.1.11	1586105	C	T	Rv1409	yes
L1.1.1.11	1617705	A	C	Rv1439c-Rv1440	no
L1.1.1.11	1650458	G	T	Rv1462	yes
L1.1.1.11	1682247	C	T	Rv1492	no
L1.1.1.11	1689369	T	C	Rv1498c	no
L1.1.1.11	1746151	G	A	Rv1544	no
L1.1.1.11	1775320	T	C	Rv1567c-Rv1568	no
L1.1.1.11	1872761	G	A	Rv1659	yes
L1.1.1.11	1939443	T	C	Rv1711	no
L1.1.1.11	1954109	C	T	Rv1728c	no
L1.1.1.11	1970936	C	T	Rv1743-Rv1744c	no
L1.1.1.11	2044914	G	T	Rv1802-Rv1803c	no
L1.1.1.11	2150534	C	T	Rv1903	no
L1.1.1.11	2181094	C	G	Rv1928c	no
L1.1.1.11	2209153	T	G	Rv1965	no
L1.1.1.11	2223124	A	C	Rv1979c	no
L1.1.1.11	2245150	G	A	Rv1999c-Rv2000	no
L1.1.1.11	2263183	C	T	Rv2015c-Rv2016	no
L1.1.1.11	2301127	G	C	Rv2048c	no
L1.1.1.11	2301134	A	T	Rv2048c	no
L1.1.1.11	2301143	C	A	Rv2048c	no
L1.1.1.11	2301155	C	T	Rv2048c	no
L1.1.1.11	2301158	T	C	Rv2048c	no
L1.1.1.11	2301161	G	C	Rv2048c	no
L1.1.1.11	2301169	C	A	Rv2048c	no
L1.1.1.11	2301170	G	C	Rv2048c	no
L1.1.1.11	2310666	C	T	Rv2051c	no
L1.1.1.11	2340849	C	T	Rv2082	no
L1.1.1.11	2353582	G	A	Rv2095c	no
L1.1.1.11	2390615	C	T	Rv2129c	no
L1.1.1.11	2455669	A	C	Rv2191	no
L1.1.1.11	2495787	G	A	Rv2224c	no
L1.1.1.11	2541011	C	T	Rv2266	no
L1.1.1.11	2575627	G	A	Rv2304c-Rv2305	no
L1.1.1.11	2587106	C	T	Rv2314c	no
L1.1.1.11	2597827	C	T	Rv2325c	no
L1.1.1.11	2608440	A	G	Rv2333c-Rv2334	no
L1.1.1.11	2609702	C	T	Rv2334	no
L1.1.1.11	2628244	C	G	Rv2349c	no
L1.1.1.11	2668527	C	T	Rv2381c	no
L1.1.1.11	2742671	G	C	Rv2444c	no
L1.1.1.11	2755679	T	G	Rv2455c	no
L1.1.1.11	2825636	A	C	Rv2510c	no
L1.1.1.11	2894495	C	T	Rv2569c-Rv2570	no
L1.1.1.11	3019313	C	T	Rv2703	yes
L1.1.1.11	3031589	C	T	Rv2719c-Rv2720	no
L1.1.1.11	3052746	G	A	Rv2739c	no
L1.1.1.11	3118820	C	T	Rv2813	no
L1.1.1.11	3125431	G	A	Rv2818c	no
L1.1.1.11	3136773	G	T	Rv2829c	no
L1.1.1.11	3342275	G	C	Rv2985	no
L1.1.1.11	3374122	G	T	Rv3014c	no
L1.1.1.11	3392874	G	A	Rv3032A	no
L1.1.1.11	3396588	T	C	Rv3036c	no
L1.1.1.11	3448288	T	C	Rv3082c	no
L1.1.1.11	3474342	G	A	Rv3106	no
L1.1.1.11	3479523	C	A	Rv3111	no
L1.1.1.11	3573693	C	G	Rv3200c-Rv3201c	no
L1.1.1.11	3614959	C	T	Rv3239c	no
L1.1.1.11	3634161	G	A	Rv3254	no
L1.1.1.11	3667019	A	G	Rv3285	yes
L1.1.1.11	3695969	T	C	Rv3308	no
L1.1.1.11	3850633	C	T	Rv3432c	no
L1.1.1.11	3995777	A	C	Rv3555c-Rv3556c	no
L1.1.1.11	4009276	C	T	Rv3567c	no
L1.1.1.11	4100631	C	G	Rv3661-RVnc0036a	no
L1.1.1.11	4108803	G	A	Rv3667	no
L1.1.1.11	4192185	C	T	Rv3741c	no
L1.1.1.11	4204921	G	A	Rv3759c	no
L1.1.1.11	4316463	G	A	Rv3843c	no
L1.1.1.11	4369319	C	T	Rv3886c	no
L1.1.1.11	4406998	G	T	Rv3918c	yes
L1.1.2	20544	G	C	Rv0017c	no
L1.1.2	219722	G	T	Rv0188	yes
L1.1.2	445668	C	T	Rv0368c	no
L1.1.2	683910	C	T	Rv0585c	yes
L1.1.2	899389	G	A	Rv0805	no
L1.1.2	949087	C	T	Rv0852	no
L1.1.2	1426589	C	T	Rv1277	yes
L1.1.2	2789661	C	A	Rv2483c	yes
L1.1.2	2828058	G	A	Rvnt29-Rv2512c	no
L1.1.2	3164730	G	A	Rv2854	yes
L1.1.2	3309009	C	A	Rv2956	no
L1.1.2	3608865	C	T	Rv3231c	yes
L1.1.2.1	22815	G	T	Rv0018c	no
L1.1.2.1	26089	G	A	Rv0021c	no
L1.1.2.1	32825	A	G	Rv0029	no
L1.1.2.1	33542	C	A	Rv0030	no
L1.1.2.1	40980	C	A	Rv0037c	no
L1.1.2.1	44826	C	T	Rv0041	no
L1.1.2.1	63781	G	A	Rv0059	no
L1.1.2.1	89272	A	G	Rv0080	no
L1.1.2.1	92634	C	A	Rv0084	no
L1.1.2.1	96992	G	C	Rv0088	no
L1.1.2.1	117558	C	T	Rv0101-Rv0102	no
L1.1.2.1	118141	G	A	Rv0102	no
L1.1.2.1	128731	T	C	Rv0107c	no
L1.1.2.1	170756	A	T	Rv0144	no
L1.1.2.1	260751	C	T	Rv0217c	no
L1.1.2.1	302936	T	C	Rv0252	no
L1.1.2.1	341418	C	T	Rv0281	no
L1.1.2.1	359476	G	C	Rv0295c	no
L1.1.2.1	386599	A	G	Rv0318c	no
L1.1.2.1	415933	A	G	Rv0346c	no
L1.1.2.1	470399	C	T	Rv0391	no
L1.1.2.1	478342	G	A	Rv0399c	no
L1.1.2.1	518948	C	T	Rv0430	yes
L1.1.2.1	527526	G	T	Rv0439c	no
L1.1.2.1	597660	C	T	Rv0507	no
L1.1.2.1	598959	G	T	Rv0507	no
L1.1.2.1	640972	C	T	Rv0550c-Rv0551c	no
L1.1.2.1	671049	G	A	Rv0576	no
L1.1.2.1	700978	C	T	Rv0604	no
L1.1.2.1	768183	A	G	Rv0669c	no
L1.1.2.1	774338	T	G	Rv0674	no
L1.1.2.1	776041	C	T	Rv0676c	no
L1.1.2.1	789154	G	A	Rv0688	no
L1.1.2.1	799702	T	G	Rv0699	no
L1.1.2.1	813155	G	A	Rv0718	yes
L1.1.2.1	867988	C	T	Rv0774c	no
L1.1.2.1	870988	T	C	Rv0777	yes
L1.1.2.1	899330	C	T	Rv0805	no
L1.1.2.1	952519	T	A	Rv0855	no
L1.1.2.1	954550	G	T	Rv0858c	no
L1.1.2.1	955082	C	T	Rv0859	no
L1.1.2.1	967034	A	G	Rv0869c	no
L1.1.2.1	985475	T	C	Rv0886	no
L1.1.2.1	989287	C	T	Rv0889c	no
L1.1.2.1	1009780	G	C	Rv0906	no
L1.1.2.1	1052841	G	T	Rv0943c	no
L1.1.2.1	1059548	C	T	Rv0949	no
L1.1.2.1	1073362	C	T	Rv0959A	no
L1.1.2.1	1074418	C	T	Rv0961	no
L1.1.2.1	1085384	C	G	Rv0973c	no
L1.1.2.1	1145337	C	T	Rv1023	no
L1.1.2.1	1147579	G	C	Rv1026	no
L1.1.2.1	1204210	C	T	Rv1079	no
L1.1.2.1	1258514	C	T	Rv1132	no
L1.1.2.1	1356416	C	T	Rv1213	no
L1.1.2.1	1402979	T	C	Rv1255c	no
L1.1.2.1	1435525	C	A	Rv1282c	no
L1.1.2.1	1436893	A	G	Rv1283c	no
L1.1.2.1	1451615	C	G	Rv1295	no
L1.1.2.1	1534060	T	C	Rv1362c	no
L1.1.2.1	1535970	T	C	Rv1364c	no
L1.1.2.1	1547970	G	T	Rv1375	no
L1.1.2.1	1580099	G	A	Rv1403c	no
L1.1.2.1	1585533	G	A	Rv1409	no
L1.1.2.1	1623547	T	C	Rv1444c	no
L1.1.2.1	1630284	C	T	Rv1449c-Rv1450c	no
L1.1.2.1	1707564	A	G	Rv1516c	no
L1.1.2.1	1724624	C	T	Rv1527c	no
L1.1.2.1	1739382	G	C	Rv1536	no
L1.1.2.1	1740379	C	A	Rv1537	no
L1.1.2.1	1805217	A	G	Rv1605	no
L1.1.2.1	1856809	C	T	Rv1647	no
L1.1.2.1	1869545	A	G	Rv1655	no
L1.1.2.1	1875303	C	T	Rv1660-Rv1661	no
L1.1.2.1	1894730	C	T	Rv1667c	no
L1.1.2.1	1910293	C	T	Rv1683	no
L1.1.2.1	1996070	A	C	Rv1762c-Rv1765c	no
L1.1.2.1	2049806	G	A	Rv1806-Rv1808	no
L1.1.2.1	2056386	A	G	Rv1813c-Rv1814	no
L1.1.2.1	2089529	T	G	Rv1840c-Rv1841c	no
L1.1.2.1	2114637	C	T	Rv1866	no
L1.1.2.1	2133577	G	A	Rv1883c	no
L1.1.2.1	2178172	G	C	Rv1925	no
L1.1.2.1	2215764	G	A	Rv1971	no
L1.1.2.1	2220466	G	C	Rv1977	no
L1.1.2.1	2254852	G	C	Rv2006	no
L1.1.2.1	2303997	A	G	Rv2048c	no
L1.1.2.1	2317247	C	T	Rv2062c	no
L1.1.2.1	2317390	C	G	Rv2062c	no
L1.1.2.1	2378841	C	G	Rv2119	no
L1.1.2.1	2389311	G	T	Rv2127	no
L1.1.2.1	2390453	C	T	Rv2129c	no
L1.1.2.1	2432391	G	A	Rv2170	no
L1.1.2.1	2484191	G	A	Rv2216	no
L1.1.2.1	2520274	C	A	Rv2246	no
L1.1.2.1	2566375	C	T	Rv2294	no
L1.1.2.1	2629642	C	T	Rv2350c	no
L1.1.2.1	2637677	G	A	Rv2353c-Rv2357c	no
L1.1.2.1	2701970	C	T	Rv2404c	no
L1.1.2.1	2718776	G	A	Rv2421c	yes
L1.1.2.1	2754685	G	A	Rv2454c	no
L1.1.2.1	2852800	C	A	Rv2528c-Rv2529	no
L1.1.2.1	2906545	G	A	Rv2581c	no
L1.1.2.1	3008645	C	A	Rv2690c	no
L1.1.2.1	3052050	G	A	Rv2739c	no
L1.1.2.1	3058034	C	T	Rv2744c	no
L1.1.2.1	3108933	T	C	Rv2800	no
L1.1.2.1	3156228	G	A	Rv2848c	no
L1.1.2.1	3157398	G	A	Rv2848c	no
L1.1.2.1	3162066	C	T	Rv2852c-Rv2853	no
L1.1.2.1	3173445	T	C	Rv2861c	no
L1.1.2.1	3238521	C	A	Rv2923c-Rv2924c	no
L1.1.2.1	3269169	C	T	Rv2935	no
L1.1.2.1	3308689	C	T	Rv2956	no
L1.1.2.1	3324327	C	G	Rv2969c	no
L1.1.2.1	3339101	G	A	Rv2982c-Rv2983	no
L1.1.2.1	3394866	A	G	Rv3034c	no
L1.1.2.1	3407317	G	A	Rv3045	no
L1.1.2.1	3428608	C	T	Rv3063	no
L1.1.2.1	3431075	A	G	Rv3066	no
L1.1.2.1	3455421	T	G	Rv3088	no
L1.1.2.1	3487945	T	C	Rv3121-Rv3122	no
L1.1.2.1	3543947	C	T	Rv3175	no
L1.1.2.1	3578709	A	C	Rv3202c	no
L1.1.2.1	3607069	C	T	Rv3229c-Rv3230c	no
L1.1.2.1	3612739	G	A	Rv3236c	no
L1.1.2.1	3620144	C	T	Rv3240c	no
L1.1.2.1	3622753	G	A	Rv3243c	no
L1.1.2.1	3632277	C	T	Rv3253c	no
L1.1.2.1	3683365	G	A	Rv3299c	no
L1.1.2.1	3706541	A	G	Rv3318	no
L1.1.2.1	3723448	G	A	Rv3336c	no
L1.1.2.1	3792592	G	A	Rv3378c	no
L1.1.2.1	3816236	C	T	Rv3399	no
L1.1.2.1	3831752	G	T	Rv3412	no
L1.1.2.1	3833664	C	T	Rv3414c	no
L1.1.2.1	3858571	G	A	Rv3439c	no
L1.1.2.1	3859615	G	A	Rv3439c	no
L1.1.2.1	3872306	A	C	Rv3450c	no
L1.1.2.1	3886852	A	G	Rv3469c	no
L1.1.2.1	3906308	A	G	Rv3487c	no
L1.1.2.1	3909516	A	G	Rv3490	no
L1.1.2.1	3930927	G	A	Rv3507-Rv3508	no
L1.1.2.1	3984612	G	A	Rv3545c	no
L1.1.2.1	3995156	A	C	Rv3555c	no
L1.1.2.1	3996614	C	G	Rv3556c	no
L1.1.2.1	4002378	C	G	Rv3561	no
L1.1.2.1	4014375	T	C	Rv3573c	no
L1.1.2.1	4097426	G	A	Rv3659c	no
L1.1.2.1	4098527	C	T	Rv3660c	no
L1.1.2.1	4103595	C	G	Rv3663c	no
L1.1.2.1	4145734	G	A	Rv3703c	no
L1.1.2.1	4204975	C	T	Rv3759c	no
L1.1.2.1	4207596	A	G	Rv3762c	no
L1.1.2.1	4232064	G	A	Rv3785	no
L1.1.2.1	4261522	G	A	Rv3801c	yes
L1.1.2.1	4283246	G	A	Rv3818	no
L1.1.2.1	4291621	A	G	Rv3823c-Rv3824c	no
L1.1.2.1	4366376	G	A	Rv3884c	no
L1.1.2.1	4379186	G	T	Rv3894c	no
L1.1.2.1	4406833	G	A	Rv3918c	yes
L1.1.2.2	12234	C	G	Rv0008c	no
L1.1.2.2	108184	C	T	Rv0099	no
L1.1.2.2	156304	G	A	Rv0128	no
L1.1.2.2	199857	G	A	Rv0169	no
L1.1.2.2	199859	C	A	Rv0169	no
L1.1.2.2	380772	G	A	Rv0312	no
L1.1.2.2	499196	C	T	Rv0412c	no
L1.1.2.2	503647	G	A	Rv0418	no
L1.1.2.2	559350	G	A	Rv0468	no
L1.1.2.2	565415	C	T	Rv0474	no
L1.1.2.2	567446	G	A	Rv0478	no
L1.1.2.2	653287	G	A	Rv0562	no
L1.1.2.2	711155	G	A	Rv0617	no
L1.1.2.2	767516	G	T	Rv0668-Rv0669c	no
L1.1.2.2	794482	G	C	Rv0694	no
L1.1.2.2	852361	G	A	Rv0757-Rv0758	no
L1.1.2.2	856563	G	T	Rv0763c	no
L1.1.2.2	1194475	C	A	Rv1070c	no
L1.1.2.2	1195358	T	G	Rv1071c	no
L1.1.2.2	1306444	T	C	Rv1175c	no
L1.1.2.2	1470261	G	A	Rv1314c-Rv1315	no
L1.1.2.2	1509067	C	T	Rv1344	no
L1.1.2.2	1575275	C	A	Rv1399c	no
L1.1.2.2	1596515	C	T	Rv1421	no
L1.1.2.2	1831531	G	A	Rv1629	no
L1.1.2.2	1841115	C	T	Rv1635c	no
L1.1.2.2	1901623	G	T	Rv1676	no
L1.1.2.2	1948644	G	A	Rv1722	no
L1.1.2.2	1967783	A	G	Rv1740	no
L1.1.2.2	2008669	T	A	Rv1774	no
L1.1.2.2	2053320	G	T	Rv1810-Rv1811	no
L1.1.2.2	2057593	G	A	Rv1815	no
L1.1.2.2	2068353	G	A	Rv1821	no
L1.1.2.2	2110812	G	T	Rv1863c	no
L1.1.2.2	2131540	C	T	Rv1880c	no
L1.1.2.2	2143973	A	G	Rv1896c	no
L1.1.2.2	2218051	C	T	Rv1974-Rv1975	no
L1.1.2.2	2249789	G	A	Rv2004c	no
L1.1.2.2	2368647	C	T	Rv2108-Rv2109c	no
L1.1.2.2	2399887	C	T	Rv2140c	no
L1.1.2.2	2531081	T	A	Rv2258c	no
L1.1.2.2	2552592	A	C	Rv2280	no
L1.1.2.2	2579856	A	G	Rv2307B	no
L1.1.2.2	2608256	G	A	Rv2333c	no
L1.1.2.2	2622402	G	A	Rv2343c	yes
L1.1.2.2	2719850	G	A	Rv2423	no
L1.1.2.2	2729772	G	C	Rv2434c	no
L1.1.2.2	2739385	T	C	Rv2440c	no
L1.1.2.2	2753041	C	T	Rv2453c	no
L1.1.2.2	2787989	C	T	Rv2482c	no
L1.1.2.2	2788966	G	T	Rv2482c	no
L1.1.2.2	2815277	C	T	Rv2501c	no
L1.1.2.2	2830126	A	G	Rv2512a	no
L1.1.2.2	2893883	A	G	Rv2569c	no
L1.1.2.2	2906008	C	T	Rv2580c	no
L1.1.2.2	2915482	C	A	Rv2587c	yes
L1.1.2.2	2963892	G	A	Rv2637	no
L1.1.2.2	2992374	G	T	Rv2676c	yes
L1.1.2.2	3011102	C	T	Rv2693c	no
L1.1.2.2	3032887	G	A	Rv2721c	no
L1.1.2.2	3036413	G	A	Rv2724c	no
L1.1.2.2	3070311	C	A	Rv2757c	no
L1.1.2.2	3092402	A	C	Rv2783c	no
L1.1.2.2	3202130	G	A	Rv2892c-Rv2893	no
L1.1.2.2	3208394	G	A	Rv2898c-Rv2899c	no
L1.1.2.2	3242138	A	C	Rv2927c-Rv2928	no
L1.1.2.2	3338834	C	A	Rv2982c	no
L1.1.2.2	3394177	C	T	Rv3034c	no
L1.1.2.2	3531706	A	G	Rv3163c	no
L1.1.2.2	3538128	G	A	Rv3169	no
L1.1.2.2	3547956	G	A	Rv3179	no
L1.1.2.2	3554354	A	G	Rv3188	no
L1.1.2.2	3629203	G	A	Rv3248c	no
L1.1.2.2	3664603	A	T	Rv3282	no
L1.1.2.2	3784975	G	A	Rv3371	no
L1.1.2.2	3879882	G	A	Rv3460c	yes
L1.1.2.2	3897374	G	A	Rv3479	no
L1.1.2.2	3988745	C	G	Rv3549c	no
L1.1.2.2	4020756	C	G	Rv3578	no
L1.1.2.2	4047879	C	T	Rv3605c	no
L1.1.2.2	4064270	G	T	Rv3625c	no
L1.1.2.2	4283016	G	C	Rv3818	no
L1.1.2.2	4298896	G	A	Rv3825c	no
L1.1.2.2	4325923	G	A	Rv3853	no
L1.1.3	15177	C	G	Rv0013	yes
L1.1.3	145189	G	A	Rv0119	no
L1.1.3	212674	T	G	Rv0181c	no
L1.1.3	286580	A	T	Rv0236c	no
L1.1.3	321403	G	A	Rv0267	no
L1.1.3	486546	G	A	Rv0405	no
L1.1.3	496840	G	A	Rv0410c	no
L1.1.3	565451	C	T	Rv0474-Rv0475	no
L1.1.3	852641	C	T	Rv0758	no
L1.1.3	877055	A	C	Rv0783c	no
L1.1.3	909623	T	C	Rv0816c	no
L1.1.3	1144221	G	A	Rv1022	no
L1.1.3	1184798	C	T	Rv1061	no
L1.1.3	1293121	C	T	Rv1163	no
L1.1.3	1491275	G	A	Rv1326c	yes
L1.1.3	1697460	C	T	Rv1507A	no
L1.1.3	1721745	C	T	Rv1526c	no
L1.1.3	1826264	A	G	Rv1624c	no
L1.1.3	1855625	C	T	Rv1645c-Rv1646	no
L1.1.3	1967975	G	A	Rv1741	no
L1.1.3	2580759	G	A	Rv2308	no
L1.1.3	2890112	G	A	Rv2567	no
L1.1.3	3002595	C	T	Rv2685	no
L1.1.3	3132289	A	G	Rv2824c	no
L1.1.3	3468392	G	A	RVnc0046-Rv3099c	no
L1.1.3	3549346	G	A	Rv3180c	no
L1.1.3	3561987	G	A	Rv3193c	no
L1.1.3	3662543	T	C	Rv3280	no
L1.1.3	3707884	G	A	Rv3320c	no
L1.1.3	3771123	C	T	Rv3358	no
L1.1.3	4117564	G	A	Rv3677c	no
L1.1.3	4156672	C	T	Rv3711c	no
L1.1.3.1	3143	G	A	Rv0002	yes
L1.1.3.1	26618	C	A	Rv0021c	no
L1.1.3.1	28616	G	C	Rv0024	no
L1.1.3.1	89179	T	C	Rv0080	no
L1.1.3.1	93658	G	A	Rv0085	no
L1.1.3.1	124240	C	T	Rv0105c	no
L1.1.3.1	170825	C	T	Rv0144	no
L1.1.3.1	258864	C	G	Rv0215c-Rv0216	no
L1.1.3.1	283034	A	C	Rv0236c	no
L1.1.3.1	304050	T	C	Rv0252	no
L1.1.3.1	304635	G	T	Rv0252	no
L1.1.3.1	305455	G	A	Rv0253	no
L1.1.3.1	442283	G	A	Rv0363c	no
L1.1.3.1	482570	A	C	Rv0402c	no
L1.1.3.1	485424	C	A	Rv0404	no
L1.1.3.1	501694	C	T	Rv0415	no
L1.1.3.1	532420	C	G	Rv0443	no
L1.1.3.1	553441	C	T	Rv0462	no
L1.1.3.1	685578	C	A	Rv0587	no
L1.1.3.1	691848	C	T	Rv0592	no
L1.1.3.1	720568	C	T	Rv0629c	no
L1.1.3.1	934250	C	G	Rv0837c-Rv0838	no
L1.1.3.1	944378	G	A	Rv0847	no
L1.1.3.1	953861	G	A	Rv0858c	no
L1.1.3.1	988194	A	G	Rv0888	no
L1.1.3.1	1050498	G	T	Rv0939-Rv0940c	no
L1.1.3.1	1058251	T	C	Rv0948c-Rv0949	no
L1.1.3.1	1060878	C	T	Rv0950c	no
L1.1.3.1	1149548	T	A	Rv1028c	no
L1.1.3.1	1249771	G	A	Rv1126c	no
L1.1.3.1	1288083	C	T	Rv1161	no
L1.1.3.1	1331178	C	T	Rv1188	no
L1.1.3.1	1345104	G	A	Rv1201c	yes
L1.1.3.1	1353773	C	G	Rv1210	no
L1.1.3.1	1366403	T	C	Rv1223	no
L1.1.3.1	1376033	C	G	Rv1232c	no
L1.1.3.1	1418842	C	T	Rv1269c	no
L1.1.3.1	1469852	G	T	Rv1314c	no
L1.1.3.1	1485363	G	T	Rv1322A	no
L1.1.3.1	1505829	C	T	Rv1338	no
L1.1.3.1	1599996	C	T	Rv1425	no
L1.1.3.1	1727782	C	T	Rv1527c	no
L1.1.3.1	1813910	C	T	Rv1614	no
L1.1.3.1	1986451	A	G	Rv1754c	no
L1.1.3.1	2069882	T	C	Rv1823	no
L1.1.3.1	2099007	T	C	Rv1850	no
L1.1.3.1	2100244	C	T	Rv1851	no
L1.1.3.1	2176412	A	C	Rv1923	no
L1.1.3.1	2200713	G	A	Rv1951c-Rv1952	no
L1.1.3.1	2247140	T	C	Rv2001	no
L1.1.3.1	2264973	G	A	Rv2017	no
L1.1.3.1	2267291	A	G	Rv2022c	no
L1.1.3.1	2300477	G	A	Rv2048c	no
L1.1.3.1	2327329	C	A	Rv2069	no
L1.1.3.1	2346071	C	T	Rv2088	no
L1.1.3.1	2350725	T	G	Rv2092c	no
L1.1.3.1	2363294	A	G	Rv2101-Rv2102	no
L1.1.3.1	2372949	G	A	Rv2113	no
L1.1.3.1	2611442	G	A	Rv2336	no
L1.1.3.1	2655771	C	A	Rv2376c	no
L1.1.3.1	2658150	G	A	Rv2379c	no
L1.1.3.1	2694189	A	G	Rv2397c	no
L1.1.3.1	2725884	T	G	Rv2427A	no
L1.1.3.1	2789993	C	A	Rv2483c	no
L1.1.3.1	2887744	C	A	Rv2566	no
L1.1.3.1	2929799	C	T	Rv2601	no
L1.1.3.1	2948573	G	A	Rv2621c-Rv2622	no
L1.1.3.1	3042301	C	T	Rv2729c	no
L1.1.3.1	3051714	T	C	Rv2737c-Rv2738c	no
L1.1.3.1	3142852	G	T	Rv2836c	no
L1.1.3.1	3166706	G	A	Rv2856	no
L1.1.3.1	3178816	C	T	Rv2867c	no
L1.1.3.1	3238705	C	G	Rv2924c	no
L1.1.3.1	3271280	A	G	Rv2935	no
L1.1.3.1	3312008	C	G	Rv2958c-Rv2959c	no
L1.1.3.1	3395434	C	T	Rv3035	no
L1.1.3.1	3476583	T	C	Rv3107c	no
L1.1.3.1	3526539	G	A	Rv3158	no
L1.1.3.1	3529809	G	A	Rv3160c	no
L1.1.3.1	3535318	T	C	Rv3166c	no
L1.1.3.1	3546754	G	C	Rv3178	no
L1.1.3.1	3781421	G	A	Rv3369-Rv3370c	no
L1.1.3.1	3875819	C	T	Rv3453	no
L1.1.3.1	3906949	T	C	Rv3487c	no
L1.1.3.1	3920042	G	A	Rv3500c	no
L1.1.3.1	3920745	C	T	Rv3501c	no
L1.1.3.1	4022458	C	G	Rv3580c	no
L1.1.3.1	4211312	G	T	Rv3765c	no
L1.1.3.1	4215170	C	T	Rv3769-Rv3770c	no
L1.1.3.1	4320646	G	C	Rv3845-Rv3846	no
L1.1.3.1	4346926	G	T	Rv3870	no
L1.1.3.1	4399494	G	C	Rv3910	no
L1.1.3.1	4402555	C	T	Rv3913	yes
L1.1.3.1	4411475	G	A	Rv3924c-CHR_END	no
L1.1.3.2	10996	G	A	Rvnt01-Rvnt02	no
L1.1.3.2	28045	C	G	Rv0023	no
L1.1.3.2	46824	C	T	Rv0042c	no
L1.1.3.2	57622	C	G	Rv0052	no
L1.1.3.2	58026	C	T	Rv0052-Rv0053	no
L1.1.3.2	66101	C	A	Rv0062	no
L1.1.3.2	67969	C	T	Rv0063	no
L1.1.3.2	88458	G	A	Rv0079	no
L1.1.3.2	89454	A	G	Rv0080	no
L1.1.3.2	93489	G	T	Rv0085	no
L1.1.3.2	101902	C	T	Rv0092	no
L1.1.3.2	103540	C	T	Rv0093c	no
L1.1.3.2	113641	C	T	Rv0101	no
L1.1.3.2	115015	T	C	Rv0101	no
L1.1.3.2	147163	G	C	Rv0120c	no
L1.1.3.2	151110	C	T	Rv0124-Rv0125	no
L1.1.3.2	154307	C	T	Rv0127	no
L1.1.3.2	165574	C	T	Rv0138	no
L1.1.3.2	174128	T	C	Rv0147	no
L1.1.3.2	193374	G	A	Rv0163	no
L1.1.3.2	212040	C	T	Rv0180c	no
L1.1.3.2	264535	C	T	Rv0221	yes
L1.1.3.2	290273	C	T	Rv0241c	no
L1.1.3.2	309592	C	T	Rv0256c-Rv0257	no
L1.1.3.2	315974	G	A	Rv0264c	no
L1.1.3.2	318003	T	C	Rv0266c	no
L1.1.3.2	382296	G	A	Rv0312	no
L1.1.3.2	404501	G	A	Rv0338c	yes
L1.1.3.2	445695	C	T	Rv0368c	no
L1.1.3.2	547774	A	T	Rv0457c	no
L1.1.3.2	550693	T	C	Rv0458	no
L1.1.3.2	556222	C	T	Rv0465c	no
L1.1.3.2	569426	G	A	Rv0480c	no
L1.1.3.2	633631	C	T	Rv0541c	no
L1.1.3.2	678191	T	G	Rv0582	no
L1.1.3.2	693722	G	T	Rv0594	no
L1.1.3.2	697725	C	T	Rv0599c	no
L1.1.3.2	706463	G	A	Rv0612	no
L1.1.3.2	726336	C	T	Rv0631c	no
L1.1.3.2	755255	A	G	Rv0660c-Rv0661c	no
L1.1.3.2	768974	C	T	Rv0669c	no
L1.1.3.2	780308	C	T	Rv0680c	no
L1.1.3.2	822625	T	C	Rv0729	no
L1.1.3.2	882344	A	G	Rv0787	no
L1.1.3.2	897197	C	G	Rv0803	no
L1.1.3.2	905726	G	T	Rv0811c	yes
L1.1.3.2	911009	C	T	Rv0818	no
L1.1.3.2	912363	C	T	Rv0819	no
L1.1.3.2	919252	A	G	Rv0825c	no
L1.1.3.2	932660	T	C	Rv0836c	no
L1.1.3.2	935172	G	A	Rv0838	no
L1.1.3.2	946466	G	T	Rv0849	no
L1.1.3.2	955442	G	A	Rv0859	no
L1.1.3.2	976012	G	A	Rv0876c-Rv0877	no
L1.1.3.2	984782	A	G	Rv0886	no
L1.1.3.2	1002374	G	A	Rv0897c	no
L1.1.3.2	1058324	G	A	Rv0949	no
L1.1.3.2	1059690	G	T	Rv0949	no
L1.1.3.2	1066025	G	A	Rv0954	no
L1.1.3.2	1072330	A	G	Rv0959	no
L1.1.3.2	1109961	A	G	Rv0993	yes
L1.1.3.2	1114071	G	A	Rv0997a	no
L1.1.3.2	1117286	C	A	Rv1001	no
L1.1.3.2	1146224	C	T	Rv1024	no
L1.1.3.2	1147228	C	T	Rv1026	no
L1.1.3.2	1193668	G	A	Rv1069c	no
L1.1.3.2	1200617	G	A	Rv1075c-Rv1076	no
L1.1.3.2	1208602	G	A	Rv1084	no
L1.1.3.2	1234978	C	T	Rv1108c	no
L1.1.3.2	1255343	C	T	Rv1130	no
L1.1.3.2	1265067	T	G	Rv1138a	no
L1.1.3.2	1293597	G	A	Rv1164	no
L1.1.3.2	1373603	C	T	Rv1230c	no
L1.1.3.2	1407625	G	A	Rv1259	no
L1.1.3.2	1475049	C	T	Rvnr02	no
L1.1.3.2	1477889	C	G	Rv1317c	no
L1.1.3.2	1482886	C	A	Rv1320c	no
L1.1.3.2	1495150	A	G	Rv1328	no
L1.1.3.2	1497986	C	A	Rv1329c	no
L1.1.3.2	1509924	C	T	Rv1345	no
L1.1.3.2	1573931	C	T	Rv1396c-Rv1397c	no
L1.1.3.2	1616703	T	C	Rv1438-Rv1439c	no
L1.1.3.2	1620108	C	T	Rv1442	no
L1.1.3.2	1620665	C	A	Rv1442	no
L1.1.3.2	1659865	A	G	Rv1472	no
L1.1.3.2	1663441	G	A	Rv1475c	no
L1.1.3.2	1705109	G	C	Rv1513	no
L1.1.3.2	1714666	G	A	Rv1522c	no
L1.1.3.2	1716057	C	G	Rv1522c	no
L1.1.3.2	1734039	A	G	Rv1533	no
L1.1.3.2	1770137	C	T	Rv1564c	no
L1.1.3.2	1775404	A	C	Rv1568	no
L1.1.3.2	1791608	T	G	Rv1591	no
L1.1.3.2	1798591	A	G	Rv1597	no
L1.1.3.2	1837320	G	C	Rv1633	no
L1.1.3.2	1838136	C	T	Rv1633	no
L1.1.3.2	1857903	C	T	Rv1648	no
L1.1.3.2	1858786	C	T	Rv1649	yes
L1.1.3.2	1879921	T	C	Rv1661	no
L1.1.3.2	1893924	C	T	Rv1667c	no
L1.1.3.2	1895189	C	T	Rv1667c	no
L1.1.3.2	1976014	C	T	Rv1747	no
L1.1.3.2	1978884	G	A	Rv1750c	no
L1.1.3.2	1981330	G	T	Rv1752	no
L1.1.3.2	1989219	A	C	Rv1758	no
L1.1.3.2	2008404	C	G	Rv1774	no
L1.1.3.2	2016286	C	A	Rv1781c	no
L1.1.3.2	2034628	G	A	Rv1796	no
L1.1.3.2	2060905	C	T	Rv1817	no
L1.1.3.2	2066474	T	C	Rv1821	no
L1.1.3.2	2093252	C	G	Rv1843c	no
L1.1.3.2	2120229	C	T	Rv1869c	no
L1.1.3.2	2122729	G	T	Rv1872c	no
L1.1.3.2	2123894	G	A	Rv1874	no
L1.1.3.2	2145744	C	T	Rv1899c	no
L1.1.3.2	2156146	T	C	Rv1908c-Rv1909c	no
L1.1.3.2	2179590	C	T	Rv1926c-Rv1927	no
L1.1.3.2	2236171	G	A	Rv1992c	no
L1.1.3.2	2247079	C	T	Rv2001	no
L1.1.3.2	2283831	A	C	Rv2038c	no
L1.1.3.2	2328260	G	C	Rv2071c	no
L1.1.3.2	2346463	G	A	Rv2089c	no
L1.1.3.2	2364740	C	T	Rv2104c	no
L1.1.3.2	2413246	C	T	Rv2153c	no
L1.1.3.2	2456149	G	A	Rv2192c	no
L1.1.3.2	2458229	A	G	Rv2194	no
L1.1.3.2	2484747	C	T	Rv2217	no
L1.1.3.2	2567126	G	T	Rv2295	no
L1.1.3.2	2593057	T	C	Rv2320c	no
L1.1.3.2	2594793	G	A	Rv2320c-Rv2323c	no
L1.1.3.2	2612140	C	T	Rv2337c	no
L1.1.3.2	2620989	A	G	Rv2343c	yes
L1.1.3.2	2671409	G	A	Rv2382c	no
L1.1.3.2	2701763	G	A	Rv2404c	no
L1.1.3.2	2706795	T	G	Rv2409c	no
L1.1.3.2	2709647	C	T	Rv2411c	no
L1.1.3.2	2733776	T	G	Rv2436	no
L1.1.3.2	2738352	C	T	Rv2440c	yes
L1.1.3.2	2742494	C	T	Rv2444c	no
L1.1.3.2	2748241	G	A	Rv2448c	no
L1.1.3.2	2762455	C	G	Rv2459-Rv2460c	no
L1.1.3.2	2767833	G	A	Rv2465c	yes
L1.1.3.2	2800213	G	A	Rv2488c	no
L1.1.3.2	2855110	A	G	Rv2531c	no
L1.1.3.2	2858046	G	A	Rv2532c	no
L1.1.3.2	2884506	G	C	Rv2564-Rv2565	no
L1.1.3.2	2889314	C	T	Rv2566	no
L1.1.3.2	2893536	G	A	Rv2569c	no
L1.1.3.2	2894302	C	T	Rv2569c	no
L1.1.3.2	2903617	G	A	Rv2578c-Rv2579	no
L1.1.3.2	2914027	C	T	Rv2587c	yes
L1.1.3.2	2930329	G	C	Rv2601A	no
L1.1.3.2	2948512	C	T	Rv2621c	no
L1.1.3.2	2969403	C	T	Rv2644c-Rvnt31	no
L1.1.3.2	2984596	C	A	Rv2667	no
L1.1.3.2	2997944	C	T	Rv2681	no
L1.1.3.2	3026418	G	A	Rv2713	no
L1.1.3.2	3038735	G	T	Rv2725c	no
L1.1.3.2	3039759	C	T	Rv2726c	yes
L1.1.3.2	3061837	C	A	Rv2748c	no
L1.1.3.2	3093950	C	G	Rv2786c	no
L1.1.3.2	3105590	A	C	Rv2796c	no
L1.1.3.2	3108155	A	G	Rv2799	no
L1.1.3.2	3127694	G	A	Rv2820c	no
L1.1.3.2	3171752	G	A	Rv2860c	no
L1.1.3.2	3205543	G	A	Rv2896c	no
L1.1.3.2	3236497	A	G	Rv2922c	no
L1.1.3.2	3237607	G	C	Rv2922c	no
L1.1.3.2	3250227	A	G	Rv2931	no
L1.1.3.2	3261685	C	A	Rv2933	no
L1.1.3.2	3268006	C	T	Rv2935	no
L1.1.3.2	3358768	C	T	Rv3000	no
L1.1.3.2	3389917	C	T	Rv3030	no
L1.1.3.2	3402148	C	T	Rv3042c	no
L1.1.3.2	3433267	G	A	Rv3068c	no
L1.1.3.2	3461561	C	G	Rv3092c	no
L1.1.3.2	3503384	G	C	Rv3136A-Rv3137	no
L1.1.3.2	3504347	C	T	Rv3138	no
L1.1.3.2	3623435	C	T	Rv3244c	yes
L1.1.3.2	3664359	C	T	Rv3282	no
L1.1.3.2	3674846	G	A	Rv3293	no
L1.1.3.2	3678013	G	A	Rv3296	no
L1.1.3.2	3714152	G	T	Rv3328c	no
L1.1.3.2	3717136	C	T	Rv3331	no
L1.1.3.2	3771890	C	G	Rv3359	no
L1.1.3.2	3782599	G	A	Rv3370c	no
L1.1.3.2	3785036	C	A	Rv3371	no
L1.1.3.2	3785893	C	T	Rv3371	no
L1.1.3.2	3809393	C	T	Rv3393-Rv3394c	no
L1.1.3.2	3814106	C	G	Rv3397c	no
L1.1.3.2	3826086	C	G	Rv3406	no
L1.1.3.2	3864361	G	A	Rv3446c	no
L1.1.3.2	3904906	C	A	Rv3485c	no
L1.1.3.2	3963176	C	T	Rv3526	no
L1.1.3.2	3993161	G	A	Rv3554	no
L1.1.3.2	3993537	C	T	Rv3554	no
L1.1.3.2	4024316	G	C	Rv3581c	no
L1.1.3.2	4049074	C	T	Rv3607c	no
L1.1.3.2	4050746	G	A	Rv3610c	no
L1.1.3.2	4065597	G	T	Rv3626c	no
L1.1.3.2	4091955	T	A	Rv3651	no
L1.1.3.2	4122924	G	T	Rv3682	no
L1.1.3.2	4147095	G	A	Rv3704c	no
L1.1.3.2	4158330	C	T	Rv3713	no
L1.1.3.2	4200789	C	T	Rv3754	yes
L1.1.3.2	4209750	C	T	Rv3764c	no
L1.1.3.2	4212881	G	A	Rv3766	no
L1.1.3.2	4230371	G	A	Rv3784	no
L1.1.3.2	4266975	G	C	Rv3805c	no
L1.1.3.2	4267431	G	A	Rv3805c	no
L1.1.3.2	4284395	C	T	Rv3819-Rv3820c	no
L1.1.3.2	4298020	G	C	Rv3825c	no
L1.1.3.2	4319446	C	T	Rv3845	no
L1.1.3.2	4321885	G	A	Rv3847	no
L1.1.3.2	4334965	A	C	Rv3859c	no
L1.1.3.2	4350045	G	T	Rv3871	no
L1.1.3.2	4355391	G	A	Rv3877	no
L1.1.3.2	4361637	C	T	Rv3881c	no
L1.1.3.2	4368041	G	A	Rv3885c	no
L1.1.3.2	4372867	G	A	Rv3889c	no
L1.1.3.2	4378049	T	C	Rv3894c	no
L1.1.3.2	4388761	G	A	Rv3903c	no
L1.1.3.2	4402895	C	G	Rv3914	no
L1.1.3.2	4405397	C	T	Rv3916c-Rv3917c	no
L1.1.3.3	16753	G	A	Rv0014c	no
L1.1.3.3	46624	G	T	Rv0042c	no
L1.1.3.3	60058	A	G	Rv0057	no
L1.1.3.3	68341	G	A	Rv0063	no
L1.1.3.3	78431	T	C	Rv0070c	no
L1.1.3.3	108404	G	A	Rv0099	no
L1.1.3.3	115535	C	T	Rv0101	no
L1.1.3.3	190832	G	A	Rv0161	no
L1.1.3.3	202366	C	G	Rv0171	no
L1.1.3.3	211219	C	A	Rv0180c	no
L1.1.3.3	235910	C	T	Rv0198c	no
L1.1.3.3	236217	C	T	Rv0198c	no
L1.1.3.3	298058	C	T	Rv0246	no
L1.1.3.3	361173	C	T	Rv0296c-Rv0297	no
L1.1.3.3	414520	A	G	Rv0344c	no
L1.1.3.3	447350	G	T	Rv0370c	no
L1.1.3.3	558450	G	A	Rv0467	no
L1.1.3.3	567022	G	A	Rv0477	no
L1.1.3.3	573598	T	C	Rv0484c	no
L1.1.3.3	621101	C	T	Rv0530	no
L1.1.3.3	629900	G	A	Rv0537c-Rv0538	no
L1.1.3.3	634321	G	T	Rv0541c	no
L1.1.3.3	644327	C	T	Rv0552	no
L1.1.3.3	657099	G	A	Rv0565c	no
L1.1.3.3	677629	G	A	Rv0580c-Rv0581	no
L1.1.3.3	713471	C	A	Rv0620	no
L1.1.3.3	789929	A	C	Rv0689c-Rv0690c	no
L1.1.3.3	790191	C	T	Rv0690c	no
L1.1.3.3	853593	G	A	Rv0758	no
L1.1.3.3	857467	A	G	Rv0764c	no
L1.1.3.3	858061	C	G	Rv0765c	no
L1.1.3.3	899737	C	T	Rv0805	no
L1.1.3.3	909978	C	T	Rv0816c	no
L1.1.3.3	943782	G	A	Rv0846c	no
L1.1.3.3	955511	G	A	Rv0859	no
L1.1.3.3	957357	T	C	Rv0860	no
L1.1.3.3	959685	G	A	Rv0861c	no
L1.1.3.3	975885	G	A	Rv0876c	no
L1.1.3.3	997754	A	C	Rv0894-Rv0895	no
L1.1.3.3	1005488	G	A	Rv0902c	yes
L1.1.3.3	1013426	A	G	Rv0908	no
L1.1.3.3	1015855	T	C	Rv0911	no
L1.1.3.3	1150374	A	G	Rv1028c	yes
L1.1.3.3	1151007	A	G	Rv1028c	yes
L1.1.3.3	1158248	G	T	Rv1033c	no
L1.1.3.3	1178492	C	G	Rv1056-Rv1057	no
L1.1.3.3	1203172	T	G	Rv1077-Rv1078	no
L1.1.3.3	1238776	C	T	Rv1112	no
L1.1.3.3	1265580	G	A	Rv1138c	no
L1.1.3.3	1272612	A	G	Rv1145	no
L1.1.3.3	1281573	G	T	Rv1155	no
L1.1.3.3	1293231	C	T	Rv1163	no
L1.1.3.3	1310439	G	A	Rv1178	no
L1.1.3.3	1328490	G	A	Rv1186c	no
L1.1.3.3	1331641	A	G	Rv1188	no
L1.1.3.3	1354600	C	T	Rv1212c	no
L1.1.3.3	1439465	G	T	Rv1286	no
L1.1.3.3	1439485	G	A	Rv1286	no
L1.1.3.3	1508990	C	A	Rv1344	no
L1.1.3.3	1630286	C	T	Rv1449c-Rv1450c	no
L1.1.3.3	1654848	C	G	Rv1467c	no
L1.1.3.3	1677000	G	A	Rv1487	no
L1.1.3.3	1694374	C	T	Rv1503c	no
L1.1.3.3	1733177	G	A	Rv1532c	no
L1.1.3.3	1745100	C	T	Rv1543	no
L1.1.3.3	1889748	G	A	Rv1664	no
L1.1.3.3	1940135	T	C	Rv1712	no
L1.1.3.3	1952164	C	T	Rv1726	no
L1.1.3.3	1976771	G	A	Rv1748	no
L1.1.3.3	2096670	C	T	Rv1846c-Rv1847	no
L1.1.3.3	2111855	A	G	Rv1864c	no
L1.1.3.3	2113401	G	T	Rv1866	no
L1.1.3.3	2120155	G	A	Rv1869c	no
L1.1.3.3	2161626	A	G	Rv1916	no
L1.1.3.3	2171583	C	T	Rv1919c-Rv1920	no
L1.1.3.3	2191794	C	T	Rv1938	no
L1.1.3.3	2197513	G	A	Rv1946c	no
L1.1.3.3	2203173	C	G	Rv1958c	no
L1.1.3.3	2220449	C	T	Rv1977	no
L1.1.3.3	2232771	G	A	Rv1989c	no
L1.1.3.3	2241494	G	A	Rv1997	no
L1.1.3.3	2390440	C	T	Rv2129c	no
L1.1.3.3	2413523	G	A	Rv2154c	no
L1.1.3.3	2436383	G	C	Rv2174	no
L1.1.3.3	2437421	G	A	Rv2174	no
L1.1.3.3	2458886	G	A	Rv2195	no
L1.1.3.3	2474246	T	C	Rv2209	no
L1.1.3.3	2492969	G	T	Rv2222c	no
L1.1.3.3	2512457	C	T	Rv2240c-Rv2241	no
L1.1.3.3	2536012	T	C	Rv2263	no
L1.1.3.3	2571621	T	C	Rv2299c	no
L1.1.3.3	2579212	G	A	Rv2307c-Rv2307A	no
L1.1.3.3	2600170	G	A	Rv2327	no
L1.1.3.3	2602458	A	G	Rv2329c	no
L1.1.3.3	2623938	G	A	Rv2345	no
L1.1.3.3	2680915	G	A	Rv2387	no
L1.1.3.3	2702397	G	T	Rv2404c	no
L1.1.3.3	2707546	T	C	Rv2410c	no
L1.1.3.3	2708143	C	T	Rv2410c	no
L1.1.3.3	2896266	G	T	Rv2572c	no
L1.1.3.3	2916339	C	T	Rv2588c-Rv2589	no
L1.1.3.3	2949460	C	T	Rv2622-Rv2623	no
L1.1.3.3	2962994	G	T	Rv2636	no
L1.1.3.3	3065540	C	G	Rv2752c	no
L1.1.3.3	3110717	C	T	Rv2801A	no
L1.1.3.3	3124550	G	A	Rv2817c	no
L1.1.3.3	3139567	A	C	Rv2833c	no
L1.1.3.3	3149192	G	T	Rv2841c	no
L1.1.3.3	3250647	G	T	Rv2931	no
L1.1.3.3	3323170	C	T	Rv2968c	yes
L1.1.3.3	3349045	G	A	Rv2992c	yes
L1.1.3.3	3383236	G	T	Rv3024c	no
L1.1.3.3	3404676	C	A	Rv3043c	no
L1.1.3.3	3419223	C	A	Rv3058c	no
L1.1.3.3	3445423	G	A	Rv3080c	no
L1.1.3.3	3454859	C	T	Rv3088	no
L1.1.3.3	3531677	C	T	Rv3163c	no
L1.1.3.3	3534080	T	G	Rv3165c	no
L1.1.3.3	3538501	A	G	Rv3169-Rv3170	no
L1.1.3.3	3556862	C	T	Rv3190A	no
L1.1.3.3	3570672	C	T	Rv3198c	no
L1.1.3.3	3571217	C	T	Rv3198c-Rv3198A	no
L1.1.3.3	3602252	G	A	Rv3225c	no
L1.1.3.3	3631352	T	C	Rv3252c	no
L1.1.3.3	3658042	G	A	Rv3274c	no
L1.1.3.3	3674322	C	T	Rv3293	no
L1.1.3.3	3685353	C	T	Rv3299c	no
L1.1.3.3	3695270	C	T	Rv3308	no
L1.1.3.3	3803962	C	T	Rv3389c	no
L1.1.3.3	3854829	A	G	Rv3435c-Rv3436c	no
L1.1.3.3	3870931	A	G	Rv3449	no
L1.1.3.3	3917229	G	T	Rv3498c	no
L1.1.3.3	3975252	T	C	Rv3536c	no
L1.1.3.3	4016420	C	T	Rv3573c-Rv3574	no
L1.1.3.3	4029043	C	T	Rv3587c	yes
L1.1.3.3	4082219	A	C	Rv3644c	no
L1.1.3.3	4097627	C	T	Rv3659c	no
L1.1.3.3	4191305	C	A	Rv3740c	no
L1.1.3.3	4212296	C	T	Rv3766	no
L1.1.3.3	4218418	G	A	Rv3773c	no
L1.1.3.3	4230381	G	T	Rv3784	no
L1.1.3.3	4258662	G	A	Rv3800c	no
L1.1.3.3	4291742	C	A	Rv3824c	no
L1.1.3.3	4321807	G	A	Rv3847	no
L1.1.3.3	4350467	A	C	Rv3871	no
L1.1.3.3	4372699	T	G	Rv3888c	no
L1.1.3.4	25139	A	G	Rv0020c	no
L1.1.3.4	44996	G	A	Rv0041	no
L1.1.3.4	65367	C	A	Rv0061c-Rv0062	no
L1.1.3.4	101819	G	A	Rv0092	no
L1.1.3.4	148481	C	T	Rv0121c-Rv0122	no
L1.1.3.4	163306	A	G	Rv0135c-Rv0136	no
L1.1.3.4	164682	C	T	Rv0136	no
L1.1.3.4	187285	G	C	Rv0158	no
L1.1.3.4	221480	C	A	Rv0189c	no
L1.1.3.4	241955	C	T	Rv0203-Rv0204c	no
L1.1.3.4	251224	G	A	Rv0210	no
L1.1.3.4	352804	G	C	Rv0289	no
L1.1.3.4	388135	T	C	Rv0320	no
L1.1.3.4	395537	A	C	Rv0330c	no
L1.1.3.4	452754	G	T	Rv0375c	no
L1.1.3.4	453299	A	G	Rv0376c	no
L1.1.3.4	475563	C	A	Rv0396	no
L1.1.3.4	480890	C	G	Rv0402c	no
L1.1.3.4	485893	G	T	Rv0405	no
L1.1.3.4	487246	G	C	Rv0405	no
L1.1.3.4	540775	C	T	Rv0450c	no
L1.1.3.4	567915	G	A	Rv0478-Rv0479c	no
L1.1.3.4	577535	G	C	Rv0487-Rv0488	no
L1.1.3.4	578399	G	A	Rv0488-Rv0489	no
L1.1.3.4	591546	C	T	Rv0500A-Rv0501	no
L1.1.3.4	621623	G	A	Rv0530	no
L1.1.3.4	661873	T	C	Rv0570	no
L1.1.3.4	689062	A	G	Rv0591	no
L1.1.3.4	697606	G	A	Rv0599c	no
L1.1.3.4	710391	T	G	Rv0615	no
L1.1.3.4	710748	G	T	Rv0615-Rv0616A	no
L1.1.3.4	712143	C	A	Rv0618	no
L1.1.3.4	715075	C	T	Rv0621	no
L1.1.3.4	786685	G	T	Rv0686	no
L1.1.3.4	812783	T	G	Rv0717	no
L1.1.3.4	953413	G	A	Rv0857	no
L1.1.3.4	1004547	G	A	Rv0902c	no
L1.1.3.4	1077981	A	G	Rv0967	no
L1.1.3.4	1101516	G	T	Rv0985c-Rv0986	no
L1.1.3.4	1128665	T	C	Rv1009	no
L1.1.3.4	1232077	C	T	Rv1103c-Rv1106c	no
L1.1.3.4	1240353	G	C	Rv1115	no
L1.1.3.4	1287533	C	T	Rv1161	no
L1.1.3.4	1327550	C	T	Rv1185c-Rv1186c	no
L1.1.3.4	1334101	G	A	Rv1191	no
L1.1.3.4	1442144	T	G	Rv1288	no
L1.1.3.4	1446159	G	T	Rv1291c-Rvnt18	no
L1.1.3.4	1466977	G	T	Rv1310	yes
L1.1.3.4	1482721	C	G	Rv1320c	no
L1.1.3.4	1509360	C	G	Rv1345	no
L1.1.3.4	1530439	T	C	Rv1359	no
L1.1.3.4	1557518	A	G	Rv1384	no
L1.1.3.4	1564381	G	A	Rv1388-Rv1389	no
L1.1.3.4	1624992	G	A	Rv1446c	no
L1.1.3.4	1639002	G	A	Rv1453	no
L1.1.3.4	1640244	C	T	Rv1454c	no
L1.1.3.4	1679475	C	T	Rv1490	no
L1.1.3.4	1707800	G	T	Rv1516c	no
L1.1.3.4	1742081	G	A	Rv1538c	no
L1.1.3.4	1756802	G	A	Rv1551	no
L1.1.3.4	1759915	G	A	Rv1553	no
L1.1.3.4	1885612	C	G	Rv1662	no
L1.1.3.4	1899810	C	T	Rv1674c	no
L1.1.3.4	2020026	C	G	Rv1783	no
L1.1.3.4	2022310	C	T	Rv1783	no
L1.1.3.4	2064420	G	A	Rv1819c	no
L1.1.3.4	2094960	G	A	Rv1844c	no
L1.1.3.4	2117085	G	T	Rv1867	no
L1.1.3.4	2117462	A	C	Rv1868	no
L1.1.3.4	2158016	C	T	Rv1911c-Rv1912c	no
L1.1.3.4	2202857	A	C	Rv1957	no
L1.1.3.4	2209176	G	A	Rv1965	no
L1.1.3.4	2253891	G	T	Rv2006	no
L1.1.3.4	2279758	C	T	Rv2032	no
L1.1.3.4	2288231	C	T	Rv2042c	no
L1.1.3.4	2369187	C	T	Rv2109c	yes
L1.1.3.4	2369460	G	A	Rv2109c	yes
L1.1.3.4	2405536	T	C	Rv2145c-Rv2146c	no
L1.1.3.4	2446572	G	A	Rv2184c	no
L1.1.3.4	2513411	C	G	Rv2241	no
L1.1.3.4	2542392	A	G	Rv2267c	no
L1.1.3.4	2639724	A	G	Rv2357c	yes
L1.1.3.4	2684623	G	T	Rv2390c-Rv2391	no
L1.1.3.4	2702369	A	G	Rv2404c	no
L1.1.3.4	2712566	G	T	Rv2414c	no
L1.1.3.4	2713892	T	G	Rv2415c-Rv2416c	no
L1.1.3.4	2719938	A	G	Rv2423	no
L1.1.3.4	2730348	G	A	Rv2434c	no
L1.1.3.4	2732629	T	C	Rv2435c	no
L1.1.3.4	2755330	C	T	Rv2455c	no
L1.1.3.4	2827111	C	T	Rv2510c-Rv2511	no
L1.1.3.4	2829950	A	G	Rv2512c-Rv2512a	no
L1.1.3.4	2903715	A	C	Rv2579	no
L1.1.3.4	2911916	G	A	Rv2585c	no
L1.1.3.4	2915629	G	A	Rv2587c	yes
L1.1.3.4	2955104	C	T	Rv2628	yes
L1.1.3.4	3081049	C	A	Rv2771c-Rv2772c	no
L1.1.3.4	3220048	C	T	Rv2913c	no
L1.1.3.4	3272697	G	A	Rv2936	no
L1.1.3.4	3409395	C	T	Rv3048c-Rv3049c	no
L1.1.3.4	3412405	C	T	Rv3051c	no
L1.1.3.4	3486429	C	T	Rv3120-Rv3121	no
L1.1.3.4	3488278	G	C	Rv3122	no
L1.1.3.4	3500037	T	G	Rv3134c	no
L1.1.3.4	3520485	G	T	Rv3152	no
L1.1.3.4	3589143	G	A	Rv3211	no
L1.1.3.4	3651032	C	T	Rv3270	no
L1.1.3.4	3653225	C	T	Rv3271c	no
L1.1.3.4	3659019	G	A	Rv3276c	no
L1.1.3.4	3665931	G	T	Rv3284	no
L1.1.3.4	3676201	C	A	Rv3295	no
L1.1.3.4	3721214	C	T	Rv3333c-Rv3334	no
L1.1.3.4	3724346	C	T	Rv3337	no
L1.1.3.4	3785599	A	C	Rv3371	no
L1.1.3.4	3878687	T	G	Rv3458c	no
L1.1.3.4	3901574	A	T	Rv3482c	no
L1.1.3.4	4010994	C	T	Rv3569c	no
L1.1.3.4	4018725	G	A	Rv3576	no
L1.1.3.4	4057373	G	A	Rv3616c-Rv3617	no
L1.1.3.4	4078153	C	T	Rv3639c	no
L1.1.3.4	4084405	G	A	Rv3645	yes
L1.1.3.4	4095404	G	A	Rv3656c	no
L1.1.3.4	4110707	C	T	Rv3668c-Rv3669	no
L1.1.3.4	4130200	A	G	Rv3688c	no
L1.1.3.4	4154816	G	A	Rv3710	yes
L1.1.3.4	4154820	C	T	Rv3710	no
L1.1.3.4	4294389	G	A	Rv3825c	no
L1.1.3.4	4346294	G	C	Rv3869	no
L1.1.3.4	4362108	G	A	Rv3882c	no
L1.2	27473	G	T	Rv0022c-Rv0023	no
L1.2	41151	C	A	Rv0037c	no
L1.2	49976	C	T	Rv0045c-Rv0046c	no
L1.2	137673	G	A	Rv0113	no
L1.2	177175	G	C	Rv0150c-Rv0151c	no
L1.2	194040	C	A	Rv0164	no
L1.2	303414	C	T	Rv0252	no
L1.2	445400	C	T	Rv0368c	no
L1.2	495198	A	G	Rv0410c	no
L1.2	639835	C	T	Rv0548c	no
L1.2	646163	C	A	Rv0554	no
L1.2	654996	C	T	Rv0564c	no
L1.2	686066	A	G	Rv0588	no
L1.2	753392	T	C	Rv0656c-Rv0657c	no
L1.2	864166	C	T	Rv0771	no
L1.2	947176	C	G	Rv0849	no
L1.2	990383	G	A	Rv0890c	no
L1.2	1065742	G	A	Rv0954	no
L1.2	1070381	A	G	Rv0958	no
L1.2	1136017	A	G	Rv1017c	yes
L1.2	1258324	A	G	Rv1132	no
L1.2	1363194	G	A	Rv1219c	no
L1.2	1419602	T	C	Rv1270c	no
L1.2	1453165	C	G	Rv1296-Rv1297	no
L1.2	1453996	C	G	Rv1297	no
L1.2	1478222	C	G	Rv1317c	no
L1.2	1578829	T	G	Rv1402	no
L1.2	1668914	C	G	Rv1478	no
L1.2	1676308	T	C	Rv1486c	no
L1.2	1964913	C	T	Rv1737c	no
L1.2	2011542	T	C	Rv1777	no
L1.2	2123987	G	A	Rv1874	no
L1.2	2278507	G	A	Rv2031c	yes
L1.2	2282130	C	A	Rv2036	no
L1.2	2433579	T	C	Rv2171	no
L1.2	2580310	G	A	Rv2307D-Rv2308	no
L1.2	2672514	C	G	Rv2383c	no
L1.2	2732591	C	G	Rv2435c	no
L1.2	2912061	G	A	Rv2585c	no
L1.2	3141349	A	G	Rv2835c	no
L1.2	3170496	A	T	Rv2858c	no
L1.2	3352932	C	A	Rv2995c	yes
L1.2	3352933	G	A	Rv2995c	no
L1.2	3359584	G	A	Rv3000-Rv3001c	no
L1.2	3398940	T	C	Rv3038c	no
L1.2	3400230	C	T	Rv3040c	no
L1.2	3479545	C	A	Rv3111	no
L1.2	3504418	C	T	Rv3138	no
L1.2	3561229	C	A	Rv3193c	no
L1.2	3720792	T	G	Rv3333c-Rv3334	no
L1.2	3974868	G	A	Rv3536c	no
L1.2	4014376	C	A	Rv3573c	no
L1.2	4113833	C	T	Rv3672c	no
L1.2	4155903	G	T	Rv3711c	no
L1.2	4163954	T	C	Rv3720	no
L1.2	4195938	G	A	Rv3745c	no
L1.2.1	240838	G	A	Rv0202c	yes
L1.2.1	1090186	T	G	Rv0976c-Rv0977	no
L1.2.1	3348472	A	G	Rv2991	no
L1.2.1	4237703	A	G	Rv3791	yes
L1.2.2	27199	G	A	Rv0022c	no
L1.2.2	235681	G	A	Rv0198c	no
L1.2.2	263057	T	G	Rv0220	no
L1.2.2	273568	G	T	Rv0228	no
L1.2.2	281454	C	A	Rv0235c	no
L1.2.2	446747	C	T	Rv0369c	no
L1.2.2	456487	C	A	Rv0380c	no
L1.2.2	508435	C	T	Rv0422c	no
L1.2.2	580008	A	G	Rv0490	no
L1.2.2	770657	G	A	Rv0671	no
L1.2.2	923267	G	A	Rv0831c	no
L1.2.2	1032241	G	T	Rv0925c	no
L1.2.2	1061858	C	T	Rv0950c-Rv0951	no
L1.2.2	1128814	G	A	Rv1009	no
L1.2.2	1201291	A	G	Rv1076	no
L1.2.2	1225126	G	A	Rv1096	no
L1.2.2	1401206	G	A	Rv1253	no
L1.2.2	1460907	T	C	Rv1304	no
L1.2.2	1567985	A	G	Rv1392	yes
L1.2.2	1569878	G	T	Rv1394c	no
L1.2.2	1613927	C	A	Rv1436	no
L1.2.2	1677765	C	T	Rv1488	no
L1.2.2	1841313	G	A	Rv1635c	no
L1.2.2	1875886	C	A	Rv1661	no
L1.2.2	1902386	C	A	Rv1677-Rv1678	no
L1.2.2	1902387	C	A	Rv1677-Rv1678	no
L1.2.2	1944723	G	T	Rv1717	no
L1.2.2	2000536	C	T	Rv1767-Rv1768	no
L1.2.2	2013872	A	C	Rv1779c	no
L1.2.2	2185741	C	T	Rv1934c	no
L1.2.2	2270065	T	C	Rv2024c	no
L1.2.2	2315005	C	T	Rv2058c	no
L1.2.2	2397445	C	T	Rv2138	no
L1.2.2	2487829	T	G	Rv2220	no
L1.2.2	2590827	T	G	Rv2318	no
L1.2.2	2699058	C	G	Rv2402	no
L1.2.2	2706890	G	C	Rv2409c	no
L1.2.2	2733047	G	C	Rv2435c-Rv2436	no
L1.2.2	3028074	G	T	Rv2714-Rv2715	no
L1.2.2	3030990	T	C	Rv2718c-Rv2719c	no
L1.2.2	3095130	G	A	Rv2787	no
L1.2.2	3217883	C	T	Rv2910c	no
L1.2.2	3417404	G	T	Rv3056	no
L1.2.2	3428088	G	A	Rv3063	no
L1.2.2	3530023	C	T	Rv3161c	no
L1.2.2	3611192	C	T	Rv3234c-Rv3235	no
L1.2.2	3643582	T	C	Rv3263	no
L1.2.2	3862181	C	T	Rv3443c	yes
L1.2.2	4045670	G	A	Rv3603c	no
L1.2.2	4115001	G	C	Rv3673c	no
L1.2.2	4116758	C	T	Rv3676	no
L1.2.2	4293107	G	A	Rv3824c	no
L1.2.2	4336774	C	T	Rv3859c-Rv3860	no
L1.2.2.1	82884	T	C	Rv0074	no
L1.2.2.1	405404	C	T	Rv0338c	yes
L1.2.2.1	451136	G	T	Rv0373c	no
L1.2.2.1	551090	C	T	Rv0458	no
L1.2.2.1	597260	G	A	Rv0507	no
L1.2.2.1	782943	G	A	Rv0684	yes
L1.2.2.1	1061936	C	T	Rv0950c-Rv0951	no
L1.2.2.1	1062636	G	A	Rv0951	no
L1.2.2.1	1378715	G	A	Rv1235	no
L1.2.2.1	1474732	A	G	Rvnr02	no
L1.2.2.1	1639386	G	A	Rv1453	no
L1.2.2.1	1664717	C	T	Rv1475c	no
L1.2.2.1	1808898	C	T	Rv1609	yes
L1.2.2.1	1819651	C	T	Rv1619	no
L1.2.2.1	1907027	A	G	Rv1682	no
L1.2.2.1	1923530	C	T	Rv1698	no
L1.2.2.1	2349675	G	A	Rv2092c	no
L1.2.2.1	2431720	C	T	Rv2169c	no
L1.2.2.1	2478191	G	A	Rv2212	no
L1.2.2.1	2774757	G	A	Rv2471	no
L1.2.2.1	2839255	G	A	Rv2522c	no
L1.2.2.1	3242963	C	T	Rv2928	no
L1.2.2.1	3371011	G	T	Rv3011c	no
L1.2.2.1	3394562	G	T	Rv3034c	yes
L1.2.2.1	3591304	G	A	Rv3213c	no
L1.2.2.1	3663189	G	A	Rv3280	yes
L1.2.2.1	3902850	G	A	Rv3483c-Rv3484	no
L1.2.2.1	4023528	C	T	Rv3580c	yes
L1.2.2.1	4050270	T	C	Rv3609c	no
L1.2.2.1	4070735	G	C	Rv3631	no
L1.2.2.1	4316089	A	C	Rv3843c	no
L1.2.2.2	46588	C	T	Rv0042c	no
L1.2.2.2	599274	G	C	Rv0507	no
L1.2.2.2	720337	C	G	Rv0629c	no
L1.2.2.2	986321	C	T	Rv0887c-Rv0888	no
L1.2.2.2	1001471	T	C	Rv0897c	no
L1.2.2.2	1024313	C	T	Rv0918	no
L1.2.2.2	1502226	C	T	Rv1333	no
L1.2.2.2	1950206	T	G	Rv1723	no
L1.2.2.2	2289524	G	A	Rv2044c	no
L1.2.2.2	2378976	C	T	Rv2119	no
L1.2.2.2	2560410	C	T	Rv2287	no
L1.2.2.2	2669162	C	A	Rv2381c	no
L1.2.2.2	3296809	G	A	Rv2947c	no
L1.2.2.2	3317917	G	A	Rv2964-Rv2965c	no
L1.2.2.2	3515936	C	T	Rv3150	no
L1.2.2.2	3850675	C	T	Rv3432c	no
L1.2.2.2	4125663	A	G	Rv3684	no
L1.2.2.2	4255679	C	T	Rv3799c	yes
L1.2.2.2	4258855	C	G	Rv3800c	yes
L1.2.2.3	63752	C	T	Rv0059	yes
L1.2.2.3	594070	A	C	Rv0503c	yes
L1.2.2.3	3084315	G	A	Rv2776c-Rv2777c	no
L1.2.2.3	4250022	T	G	Rv3796	no
L1.2.2.4	1302821	G	A	Rv1172c-Rv1173	no
L1.2.2.4	2008044	C	T	Rv1774	no
L1.2.2.4	3493996	G	A	Rv3128c	no
L1.2.2.4	3576656	G	A	Rv3201c	no
L1.2.2.4	3628694	G	A	Rv3248c	yes
L1.2.2.5	39103	G	A	Rv0036c	no
L1.2.2.5	1356864	T	C	Rv1213	no
L1.2.2.5	1673229	C	T	Rv1482c	no
L1.2.2.5	1797969	C	T	Rv1596	yes
L1.2.2.5	1981469	C	T	Rv1752	no
L1.2.2.5	2156879	C	T	Rv1910c	no
L1.2.2.5	2176751	G	A	Rv1924c	no
L1.2.2.5	2236328	C	A	Rv1992c	no
L1.2.2.5	2507571	C	T	Rv2234	no
L1.2.2.5	3455760	C	T	Rv3088	no
L1.2.2.5	3956091	G	A	Rv3519	no
L1.2.2.5	4299471	C	T	Rv3825c	no
L1.3	20407	G	A	Rv0017c	no
L1.3	77469	C	T	Rv0069c	no
L1.3	486511	T	C	Rv0405	yes
L1.3	727440	C	T	Rv0631c	yes
L1.3	828422	T	G	Rv0736	no
L1.3	942811	C	A	Rv0846c	no
L1.3	1018811	G	A	Rv0914c	yes
L1.3	1033573	A	G	Rv0926c	no
L1.3	1370066	C	T	Rv1226c	no
L1.3	1805690	G	A	Rv1606	no
L1.3	2245117	G	A	Rv1999c	no
L1.3	2284848	G	A	Rv2039c	no
L1.3	2330343	C	A	Rv2073c	yes
L1.3	2355363	G	T	Rv2097c	no
L1.3	3049806	C	T	Rv2737c	no
L1.3	3534263	G	C	Rv3165c	no
L1.3	3691767	G	T	Rv3305c	no
L1.3	3824167	G	C	Rv3404c	yes
L1.3	3967966	C	T	Rv3531c	no
L1.3	4121388	G	A	Rv3681c	no
L1.3	4285318	C	T	Rv3820c	no
L1.3.1	60297	T	C	Rv0057	no
L1.3.1	74805	G	C	Rv0067c	no
L1.3.1	123511	C	T	Rv0104	no
L1.3.1	203637	C	G	Rv0172	no
L1.3.1	204724	G	A	Rv0173	no
L1.3.1	364142	G	A	Rv0301	no
L1.3.1	527270	G	T	Rv0438c	no
L1.3.1	570311	G	C	Rv0481c	no
L1.3.1	591412	G	A	Rv0500A-Rv0501	no
L1.3.1	678673	C	T	Rv0583c	no
L1.3.1	694008	C	T	Rv0594	no
L1.3.1	717879	G	A	Rv0625c	no
L1.3.1	740617	G	C	Rv0646c	no
L1.3.1	872087	C	G	Rv0778	no
L1.3.1	1155758	C	T	Rv1030	no
L1.3.1	1165597	T	C	Rv1042c-Rv1043c	no
L1.3.1	1245275	C	T	Rv1122	yes
L1.3.1	1690407	G	A	Rv1499	no
L1.3.1	1697779	G	C	Rv1507A	no
L1.3.1	1722036	C	A	Rv1526c	no
L1.3.1	1774002	C	T	Rv1566c	no
L1.3.1	1789867	A	T	Rv1588c-Rv1589	no
L1.3.1	1821774	C	T	Rv1621c	no
L1.3.1	1885495	G	A	Rv1662	no
L1.3.1	2024990	C	T	Rv1786	no
L1.3.1	2074781	C	T	Rv1829-Rv1830	no
L1.3.1	2144366	T	G	Rv1896c	no
L1.3.1	2150669	C	T	Rv1903	no
L1.3.1	2158742	T	G	Rv1912c	no
L1.3.1	2197675	A	C	Rv1946c	no
L1.3.1	2510553	C	A	Rv2237A	no
L1.3.1	2548139	G	A	Rv2276	no
L1.3.1	2585622	C	A	Rv2313c	no
L1.3.1	2595961	C	T	Rv2323c	no
L1.3.1	2657046	G	A	Rv2378c	no
L1.3.1	2770722	T	C	Rv2467	no
L1.3.1	2771457	C	A	Rv2467	no
L1.3.1	2821426	G	A	Rv2505c	no
L1.3.1	2904886	C	T	Rv2580c	no
L1.3.1	2946372	G	C	Rv2617c-Rv2618	no
L1.3.1	3090181	G	A	Rv2782c	no
L1.3.1	3155382	A	G	Rv2847c	no
L1.3.1	3328681	G	T	Rv2973c	no
L1.3.1	3346959	G	T	Rv2990c	no
L1.3.1	3487707	C	A	Rv3121	no
L1.3.1	3787156	G	A	Rv3372	yes
L1.3.1	3953227	G	C	Rv3516	no
L1.3.1	3961555	C	A	Rv3524	no
L1.3.1	3968407	G	T	Rv3531c	no
L1.3.1	3983049	T	G	Rv3543c	no
L1.3.1	4018307	C	A	Rv3575c-Rv3576	no
L1.3.1	4339219	C	T	Rv3863	no
L1.3.1	4340312	A	G	Rv3864	no
L1.3.1	4399447	G	C	Rv3910	no
L1.3.2	1718	C	A	Rv0001-Rv0002	no
L1.3.2	13699	T	C	Rv0010c-Rv0011c	no
L1.3.2	37040	C	A	Rv0034	no
L1.3.2	46552	C	G	Rv0041-Rv0042c	no
L1.3.2	50593	A	C	Rv0046c	no
L1.3.2	56531	T	C	Rv0051	no
L1.3.2	61842	T	C	Rv0058	no
L1.3.2	88764	C	T	Rv0079	no
L1.3.2	121245	G	A	Rv0103c	no
L1.3.2	158688	A	G	Rv0131c	no
L1.3.2	251635	G	A	Rv0210-Rv0211	no
L1.3.2	392990	G	T	Rv0327c	no
L1.3.2	409297	A	G	Rv0340-Rv0341	no
L1.3.2	497393	G	A	Rv0411c	no
L1.3.2	551637	A	G	Rv0459	no
L1.3.2	596475	C	T	Rv0505c	no
L1.3.2	654355	C	T	Rv0563	no
L1.3.2	661929	C	A	Rv0570	no
L1.3.2	729357	C	T	Rv0633c	no
L1.3.2	771326	C	T	Rv0671	no
L1.3.2	772400	G	C	Rv0672	no
L1.3.2	787745	T	G	Rv0687	no
L1.3.2	814443	A	C	Rv0721	no
L1.3.2	909921	G	A	Rv0816c	no
L1.3.2	994091	G	A	Rv0892	no
L1.3.2	1049161	C	A	Rv0939	no
L1.3.2	1157583	G	A	Rv1032c	no
L1.3.2	1228067	G	A	Rv1099c	no
L1.3.2	1279709	G	C	Rv1152	no
L1.3.2	1324918	C	G	Rv1184c	no
L1.3.2	1441334	G	A	Rv1287-Rv1288	no
L1.3.2	1492049	C	T	Rv1326c	yes
L1.3.2	1564586	C	T	Rv1389	yes
L1.3.2	1589234	C	A	Rv1412-Rv1413	no
L1.3.2	1619841	G	A	Rv1442	no
L1.3.2	1630279	G	T	Rv1449c-Rv1450c	no
L1.3.2	1672808	G	A	Rv1482c	no
L1.3.2	1687744	C	A	Rv1496	no
L1.3.2	1713460	C	G	Rv1521	no
L1.3.2	1736653	G	T	Rv1536	no
L1.3.2	1747966	C	T	Rv1547	yes
L1.3.2	1829837	C	T	Rv1627c	no
L1.3.2	1849034	T	C	Rv1640c	no
L1.3.2	1956381	C	T	Rv1730c	no
L1.3.2	1971093	T	C	Rv1744c	no
L1.3.2	2047861	C	T	Rv1805c	no
L1.3.2	2053701	G	A	Rv1811	no
L1.3.2	2066828	G	A	Rv1821	no
L1.3.2	2127760	C	T	Rv1877	no
L1.3.2	2223553	G	T	Rv1980c	yes
L1.3.2	2242238	G	A	Rv1997	no
L1.3.2	2282058	C	T	Rv2035	no
L1.3.2	2288237	G	A	Rv2042c	no
L1.3.2	2297974	T	C	Rv2048c	no
L1.3.2	2352231	C	A	Rv2093c	no
L1.3.2	2364420	G	A	Rv2103c	no
L1.3.2	2616790	A	G	Rv2339	no
L1.3.2	2705603	G	A	Rv2407-Rv2408	no
L1.3.2	2711204	G	T	Rv2413c	no
L1.3.2	2743259	T	C	Rv2444c	no
L1.3.2	2745310	G	A	Rv2444c-Rv2445c	no
L1.3.2	2953871	C	A	Rv2627c	no
L1.3.2	2957418	A	G	Rv2630	no
L1.3.2	3020449	A	G	Rv2706c	no
L1.3.2	3105332	G	A	Rv2796c	no
L1.3.2	3190125	T	C	Rv2878c-Rv2881c	no
L1.3.2	3265772	C	T	Rv2934	no
L1.3.2	3266997	G	C	Rv2934	no
L1.3.2	3286017	G	A	Rv2942	no
L1.3.2	3314986	A	C	Rv2962c	no
L1.3.2	3352192	G	A	Rv2994	no
L1.3.2	3543422	G	T	Rv3175	no
L1.3.2	3549269	G	A	Rv3180c	no
L1.3.2	3587944	C	A	Rv3211	no
L1.3.2	3690137	C	T	Rv3303c	no
L1.3.2	3693428	G	T	Rv3306c	no
L1.3.2	3696316	G	T	Rv3308	no
L1.3.2	3814737	C	A	Rv3397c	no
L1.3.2	3912156	G	A	Rv3494c	no
L1.3.2	3962794	C	T	Rv3526	no
L1.3.2	3985572	A	G	Rv3546	no
L1.3.2	4052488	G	A	Rv3610c	no
L1.3.2	4111073	T	G	Rv3669	no
L1.3.2	4117307	G	A	Rv3677c	no
L1.3.2	4148174	C	T	Rv3704c	no
L1.3.2	4148809	C	T	Rv3705c	no
L1.3.2	4159405	G	T	Rv3714c	no
L1.3.2	4162072	A	C	Rv3718c	no
L1.3.2	4200993	T	G	Rv3754	yes
L1.3.2	4251796	G	A	Rv3797	no
L1.3.2	4265593	G	T	Rv3803c-Rv3804c	no
L1.3.2	4289444	G	A	Rv3823c	no
L1.3.2	4297109	C	T	Rv3825c	no
L1.3.2	4305071	G	T	Rv3830c	no
L1.3.2	4340286	G	A	Rv3864	no
L1.3.2	4362120	A	G	Rv3882c	no
L1.3.2	4396073	G	A	Rv3909	no
